time flux flux_err timecorr cadenceno centroid_col centroid_row sap_flux sap_flux_err sap_bkg sap_bkg_err pdcsap_flux pdcsap_flux_err quality psf_centr1 psf_centr1_err psf_centr2 psf_centr2_err mom_centr1 mom_centr1_err mom_centr2 mom_centr2_err pos_corr1 pos_corr2
3610.5570478082423 9.9824846e-01 1.3006870e-03 1.6877366e-03 1715832 1109.09819 1515.30222 9.1402061e+03 1.1610658e+01 1.2677778e+03 3.6370962e+00 9.9613428e+03 1.2979323e+01 0 "" "" "" "" 1109.09819 9.9782995e-04 1515.30222 1.0077573e-03 1.2022636e-02 5.0177950e-02
3610.5584367139545 9.9630243e-01 1.2997895e-03 1.6877541e-03 1715833 1109.09656 1515.30437 9.1223389e+03 1.1602647e+01 1.2680413e+03 3.6366730e+00 9.9419238e+03 1.2970367e+01 0 "" "" "" "" 1109.09656 9.9892041e-04 1515.30437 1.0096449e-03 8.5237697e-03 5.2649882e-02
3610.5598256196663 9.9755079e-01 1.3008930e-03 1.6877715e-03 1715834 1109.09939 1515.30205 9.1307568e+03 1.1612497e+01 1.2703416e+03 3.6410038e+00 9.9543809e+03 1.2981379e+01 0 "" "" "" "" 1109.09939 9.9921937e-04 1515.30205 1.0087221e-03 1.3406005e-02 5.0989278e-02
3610.5612145253785 9.9809068e-01 1.3008356e-03 1.6877890e-03 1715835 1109.09739 1515.30292 9.1372754e+03 1.1611984e+01 1.2722252e+03 3.6417925e+00 9.9597686e+03 1.2980806e+01 0 "" "" "" "" 1109.09739 9.9604775e-04 1515.30292 1.0071610e-03 1.0657405e-02 5.1195063e-02
3610.5626034310912 9.9508256e-01 1.2991653e-03 1.6878064e-03 1715836 1109.09788 1515.30754 9.1116113e+03 1.1597074e+01 1.2653621e+03 3.6352723e+00 9.9297510e+03 1.2964138e+01 0 "" "" "" "" 1109.09788 9.9837210e-04 1515.30754 1.0097189e-03 1.0755276e-02 5.5563945e-02
3610.563992336803 9.9954414e-01 1.3003591e-03 1.6878239e-03 1715837 1109.09436 1515.30312 9.1449795e+03 1.1607731e+01 1.2648270e+03 3.6319373e+00 9.9742725e+03 1.2976051e+01 0 "" "" "" "" 1109.09436 9.9698186e-04 1515.30312 1.0069979e-03 7.6317261e-03 4.9676966e-02
3610.565381242515 9.9924988e-01 1.3009430e-03 1.6878414e-03 1715838 1109.09686 1515.30148 9.1453896e+03 1.1612943e+01 1.2661857e+03 3.6358759e+00 9.9713359e+03 1.2981877e+01 0 "" "" "" "" 1109.09686 9.9688070e-04 1515.30148 1.0071313e-03 9.9666081e-03 4.9610242e-02
3610.56677014811 9.9520421e-01 1.3005059e-03 1.6878587e-03 1715839 1109.09824 1515.30675 9.1143789e+03 1.1609042e+01 1.2683126e+03 3.6459134e+00 9.9309648e+03 1.2977516e+01 0 "" "" "" "" 1109.09824 9.9944847e-04 1515.30675 1.0100957e-03 1.1134543e-02 5.4238226e-02
3610.568159053822 9.9865234e-01 1.3011892e-03 1.6878762e-03 1715840 1109.09657 1515.30361 9.1389629e+03 1.1615141e+01 1.2712328e+03 3.6435175e+00 9.9653730e+03 1.2984334e+01 0 "" "" "" "" 1109.09657 9.9820760e-04 1515.30361 1.0063091e-03 9.0805134e-03 5.1495463e-02
3610.569547959418 9.9967664e-01 1.3017384e-03 1.6878935e-03 1715841 1109.09745 1515.30351 9.1566914e+03 1.1620045e+01 1.2625690e+03 3.6354704e+00 9.9755947e+03 1.2989816e+01 0 "" "" "" "" 1109.09745 9.9770725e-04 1515.30351 1.0069278e-03 9.6754208e-03 5.1257260e-02
3610.5709368651296 9.9742746e-01 1.3004277e-03 1.6879110e-03 1715842 1109.09384 1515.29859 9.1350859e+03 1.1608343e+01 1.2636805e+03 3.6344619e+00 9.9531504e+03 1.2976736e+01 0 "" "" "" "" 1109.09384 9.9713821e-04 1515.29859 1.0078787e-03 5.7888189e-03 4.5406517e-02
3610.5723257707255 9.9492961e-01 1.3000452e-03 1.6879283e-03 1715843 1109.09803 1515.30538 9.1082432e+03 1.1604928e+01 1.2721346e+03 3.6416655e+00 9.9282246e+03 1.2972919e+01 0 "" "" "" "" 1109.09803 1.0006379e-03 1515.30538 1.0111494e-03 1.1745565e-02 5.5859342e-02
3610.5737146763217 9.9808073e-01 1.3004709e-03 1.6879457e-03 1715844 1109.09715 1515.30433 9.1336064e+03 1.1608728e+01 1.2638920e+03 3.6373112e+00 9.9596689e+03 1.2977167e+01 0 "" "" "" "" 1109.09715 9.9779072e-04 1515.30433 1.0078242e-03 8.4890230e-03 5.2117787e-02
3610.5751035820335 9.9765903e-01 1.3005302e-03 1.6879631e-03 1715845 1109.09476 1515.29885 9.1235986e+03 1.1609258e+01 1.2756636e+03 3.6464951e+00 9.9554609e+03 1.2977758e+01 0 "" "" "" "" 1109.09476 9.9941378e-04 1515.29885 1.0091128e-03 5.8070049e-03 4.5515928e-02
3610.576492487629 9.9924058e-01 1.3011938e-03 1.6879805e-03 1715846 1109.10008 1515.30382 9.1549541e+03 1.1615182e+01 1.2644463e+03 3.6353133e+00 9.9712432e+03 1.2984381e+01 0 "" "" "" "" 1109.10008 9.9743193e-04 1515.30382 1.0060383e-03 1.1219576e-02 5.3385474e-02
3610.5778813932243 9.9648798e-01 1.3000463e-03 1.6879978e-03 1715847 1109.09315 1515.29999 9.1241475e+03 1.1604939e+01 1.2651787e+03 3.6336648e+00 9.9437754e+03 1.2972930e+01 0 "" "" "" "" 1109.09315 9.9848711e-04 1515.29999 1.0089284e-03 5.1264828e-03 4.8826441e-02
3610.5792702988197 1.0000950e+00 1.3012707e-03 1.6880152e-03 1715848 1109.09934 1515.30569 9.1553525e+03 1.1615868e+01 1.2648469e+03 3.6335132e+00 9.9797695e+03 1.2985147e+01 0 "" "" "" "" 1109.09934 9.9563436e-04 1515.30569 1.0068967e-03 1.2038779e-02 5.4080170e-02
3610.5806592044155 1.0005318e+00 1.3013717e-03 1.6880325e-03 1715849 1109.09618 1515.30244 9.1573691e+03 1.1616769e+01 1.2638149e+03 3.6338587e+00 9.9841279e+03 1.2986156e+01 0 "" "" "" "" 1109.09618 9.9625357e-04 1515.30244 1.0061786e-03 6.7061936e-03 4.8470281e-02
3610.582048110011 9.9609458e-01 1.2997562e-03 1.6880499e-03 1715850 1109.09598 1515.30085 9.1231885e+03 1.1602349e+01 1.2701334e+03 3.6359363e+00 9.9398496e+03 1.2970035e+01 0 "" "" "" "" 1109.09598 9.9929934e-04 1515.30085 1.0089123e-03 8.7925009e-03 4.8326820e-02
3610.5834370154894 9.9762642e-01 1.3000834e-03 1.6880671e-03 1715851 1109.09409 1515.30275 9.1291045e+03 1.1605269e+01 1.2683605e+03 3.6366990e+00 9.9551357e+03 1.2973300e+01 0 "" "" "" "" 1109.09409 9.9817384e-04 1515.30275 1.0083590e-03 7.0781186e-03 5.0987836e-02
3610.584825921086 9.9751943e-01 1.2999853e-03 1.6880844e-03 1715852 1109.09593 1515.30260 9.1347725e+03 1.1604394e+01 1.2674738e+03 3.6330910e+00 9.9540684e+03 1.2972322e+01 0 "" "" "" "" 1109.09593 9.9693786e-04 1515.30260 1.0086823e-03 8.7709883e-03 5.0008096e-02
3610.586214826682 9.9734926e-01 1.3004870e-03 1.6881018e-03 1715853 1109.09421 1515.30260 9.1287500e+03 1.1608872e+01 1.2725002e+03 3.6400297e+00 9.9523701e+03 1.2977327e+01 0 "" "" "" "" 1109.09421 9.9927420e-04 1515.30260 1.0081518e-03 6.1248536e-03 4.7725759e-02
3610.587603732161 9.9706399e-01 1.2996562e-03 1.6881190e-03 1715854 1109.09702 1515.30221 9.1270361e+03 1.1601457e+01 1.2624733e+03 3.6317263e+00 9.9495234e+03 1.2969037e+01 0 "" "" "" "" 1109.09702 9.9831610e-04 1515.30221 1.0087538e-03 9.9076647e-03 5.0903156e-02
3610.5889926377563 9.9493682e-01 1.2992673e-03 1.6881364e-03 1715855 1109.09436 1515.30370 9.1109121e+03 1.1597984e+01 1.2695220e+03 3.6409202e+00 9.9282969e+03 1.2965157e+01 0 "" "" "" "" 1109.09436 9.9951529e-04 1515.30370 1.0076768e-03 7.8219259e-03 4.9691431e-02
3610.5903815432353 1.0003195e+00 1.3014734e-03 1.6881536e-03 1715856 1109.09567 1515.30285 9.1576494e+03 1.1617678e+01 1.2667733e+03 3.6342869e+00 9.9820098e+03 1.2987170e+01 0 "" "" "" "" 1109.09567 9.9550572e-04 1515.30285 1.0067655e-03 8.5059553e-03 4.8966989e-02
3610.5917704488315 9.9483788e-01 1.2988595e-03 1.6881709e-03 1715857 1109.09439 1515.30073 9.1095859e+03 1.1594345e+01 1.2656687e+03 3.6366923e+00 9.9273096e+03 1.2961086e+01 0 "" "" "" "" 1109.09439 9.9893298e-04 1515.30073 1.0090758e-03 7.7170278e-03 4.8364211e-02
3610.59315935431 9.9826270e-01 1.3003077e-03 1.6881882e-03 1715858 1109.09425 1515.29979 9.1418936e+03 1.1607272e+01 1.2654673e+03 3.6328907e+00 9.9614854e+03 1.2975538e+01 0 "" "" "" "" 1109.09425 9.9690724e-04 1515.29979 1.0066532e-03 7.2753760e-03 4.6156708e-02
3610.5945482597886 9.9706066e-01 1.3004764e-03 1.6882054e-03 1715859 1109.09493 1515.30282 9.1319062e+03 1.1608778e+01 1.2689575e+03 3.6401460e+00 9.9494902e+03 1.2977221e+01 0 "" "" "" "" 1109.09493 9.9951774e-04 1515.30282 1.0080942e-03 7.6694931e-03 5.0817788e-02
3610.5959371652693 9.9680233e-01 1.3003330e-03 1.6882226e-03 1715860 1109.09335 1515.30242 9.1251738e+03 1.1607497e+01 1.2731541e+03 3.6419609e+00 9.9469121e+03 1.2975790e+01 0 "" "" "" "" 1109.09335 1.0002743e-03 1515.30242 1.0088594e-03 4.4587953e-03 4.9719315e-02
3610.5973260707487 9.9732834e-01 1.2996685e-03 1.6882399e-03 1715861 1109.09300 1515.30175 9.1296680e+03 1.1601565e+01 1.2672352e+03 3.6339779e+00 9.9521611e+03 1.2969159e+01 0 "" "" "" "" 1109.09300 9.9696650e-04 1515.30175 1.0076961e-03 5.2817347e-03 4.8535794e-02
3610.5987149762273 9.9647897e-01 1.2995839e-03 1.6882571e-03 1715862 1109.09663 1515.30521 9.1264746e+03 1.1600812e+01 1.2630981e+03 3.6294012e+00 9.9436855e+03 1.2968316e+01 0 "" "" "" "" 1109.09663 9.9834532e-04 1515.30521 1.0083851e-03 7.6308101e-03 5.1405538e-02
3610.600103881707 9.9941897e-01 1.3016530e-03 1.6882743e-03 1715863 1109.09606 1515.29995 9.1406768e+03 1.1619280e+01 1.2657334e+03 3.6392970e+00 9.9730234e+03 1.2988962e+01 0 "" "" "" "" 1109.09606 9.9841016e-04 1515.29995 1.0087580e-03 6.6046617e-03 4.7811218e-02
3610.601492787186 9.9984008e-01 1.3011470e-03 1.6882916e-03 1715864 1109.09417 1515.29806 9.1458145e+03 1.1614764e+01 1.2672565e+03 3.6359270e+00 9.9772256e+03 1.2983914e+01 0 "" "" "" "" 1109.09417 9.9816860e-04 1515.29806 1.0068299e-03 4.7280565e-03 4.6510413e-02
3610.602881692665 9.9786532e-01 1.2995204e-03 1.6883088e-03 1715865 1109.09676 1515.30283 9.1256514e+03 1.1600244e+01 1.2667856e+03 3.6314492e+00 9.9575195e+03 1.2967682e+01 0 "" "" "" "" 1109.09676 9.9857512e-04 1515.30283 1.0076247e-03 8.4002251e-03 5.0514251e-02
3610.6042705981436 9.9843979e-01 1.3006715e-03 1.6883260e-03 1715866 1109.09454 1515.30057 9.1407754e+03 1.1610519e+01 1.2688480e+03 3.6384063e+00 9.9632520e+03 1.2979168e+01 0 "" "" "" "" 1109.09454 9.9888758e-04 1515.30057 1.0073335e-03 4.5788265e-03 4.7677852e-02
3610.6056595035056 9.9899071e-01 1.3007551e-03 1.6883431e-03 1715867 1109.09241 1515.30183 9.1366387e+03 1.1611265e+01 1.2685420e+03 3.6463823e+00 9.9687500e+03 1.2980002e+01 0 "" "" "" "" 1109.09241 9.9685614e-04 1515.30183 1.0074248e-03 4.9326257e-03 5.0287250e-02
3610.6070484089864 9.9751145e-01 1.2993541e-03 1.6883604e-03 1715868 1109.09628 1515.30071 9.1299062e+03 1.1598759e+01 1.2606188e+03 3.6296678e+00 9.9539883e+03 1.2966022e+01 0 "" "" "" "" 1109.09628 9.9832239e-04 1515.30071 1.0074805e-03 7.3172655e-03 4.8088364e-02
3610.6084373143494 9.9570000e-01 1.2991567e-03 1.6883775e-03 1715869 1109.09181 1515.29963 9.1173086e+03 1.1596997e+01 1.2661530e+03 3.6347790e+00 9.9359121e+03 1.2964052e+01 0 "" "" "" "" 1109.09181 9.9923124e-04 1515.29963 1.0079860e-03 4.1537005e-03 4.6496682e-02
3610.609826219828 9.9624908e-01 1.2995843e-03 1.6883947e-03 1715870 1109.09134 1515.30072 9.1200439e+03 1.1600816e+01 1.2722041e+03 3.6369400e+00 9.9413916e+03 1.2968320e+01 0 "" "" "" "" 1109.09134 9.9956302e-04 1515.30072 1.0080568e-03 1.8676852e-03 4.8277546e-02
3610.6112151251914 9.9591285e-01 1.2993044e-03 1.6884118e-03 1715871 1109.09581 1515.30107 9.1222900e+03 1.1598316e+01 1.2609789e+03 3.6339064e+00 9.9380361e+03 1.2965527e+01 0 "" "" "" "" 1109.09581 9.9868467e-04 1515.30107 1.0077453e-03 6.6685029e-03 4.6353482e-02
3610.6126040306704 9.9848676e-01 1.3003700e-03 1.6884290e-03 1715872 1109.09344 1515.30407 9.1365605e+03 1.1607828e+01 1.2654014e+03 3.6328566e+00 9.9637207e+03 1.2976160e+01 0 "" "" "" "" 1109.09344 9.9658174e-04 1515.30407 1.0079463e-03 6.5688114e-03 5.0173242e-02
3610.613992936033 1.0003468e+00 1.3022376e-03 1.6884462e-03 1715873 1109.09465 1515.29955 9.1564082e+03 1.1624500e+01 1.2654355e+03 3.6383712e+00 9.9822822e+03 1.2994797e+01 0 "" "" "" "" 1109.09465 9.9723309e-04 1515.29955 1.0066598e-03 4.2476500e-03 4.6864931e-02
3610.615381841395 9.9905598e-01 1.3008449e-03 1.6884633e-03 1715874 1109.09416 1515.29846 9.1440146e+03 1.1612067e+01 1.2682217e+03 3.6350229e+00 9.9694014e+03 1.2980899e+01 0 "" "" "" "" 1109.09416 9.9800597e-04 1515.29846 1.0071476e-03 4.0743328e-03 4.6793673e-02
3610.616770746757 9.9644029e-01 1.2995353e-03 1.6884804e-03 1715875 1109.09511 1515.30259 9.1238086e+03 1.1600377e+01 1.2586764e+03 3.6289384e+00 9.9432998e+03 1.2967831e+01 0 "" "" "" "" 1109.09511 1.0000857e-03 1515.30259 1.0081214e-03 5.4032383e-03 5.0088413e-02
3610.6181596521214 9.9738359e-01 1.3006110e-03 1.6884975e-03 1715876 1109.09349 1515.29785 9.1381123e+03 1.1609980e+01 1.2670187e+03 3.6366799e+00 9.9527129e+03 1.2978564e+01 0 "" "" "" "" 1109.09349 9.9754927e-04 1515.29785 1.0075679e-03 5.5637113e-03 4.5145214e-02
3610.6195485574844 9.9711907e-01 1.2993970e-03 1.6885146e-03 1715877 1109.09175 1515.29730 9.1246211e+03 1.1599142e+01 1.2624480e+03 3.6386137e+00 9.9500732e+03 1.2966450e+01 0 "" "" "" "" 1109.09175 9.9708943e-04 1515.29730 1.0065882e-03 3.7086369e-03 4.5814551e-02
3610.6209374628465 9.9569499e-01 1.2999319e-03 1.6885317e-03 1715878 1109.09293 1515.30183 9.1191641e+03 1.1603917e+01 1.2696008e+03 3.6465857e+00 9.9358623e+03 1.2971788e+01 0 "" "" "" "" 1109.09293 9.9885662e-04 1515.30183 1.0083675e-03 3.3905641e-03 4.9171261e-02
3610.62232636821 9.9900228e-01 1.3006981e-03 1.6885488e-03 1715879 1109.09351 1515.29818 9.1477168e+03 1.1610757e+01 1.2642413e+03 3.6315019e+00 9.9688652e+03 1.2979434e+01 0 "" "" "" "" 1109.09351 9.9638442e-04 1515.29818 1.0071491e-03 5.8297617e-03 4.6912320e-02
3610.623715273456 9.9786288e-01 1.3001743e-03 1.6885658e-03 1715880 1109.09589 1515.30085 9.1365342e+03 1.1606080e+01 1.2581836e+03 3.6285474e+00 9.9574951e+03 1.2974207e+01 0 "" "" "" "" 1109.09589 9.9799561e-04 1515.30085 1.0079672e-03 6.9009187e-03 4.6703123e-02
3610.6251041788187 9.9726361e-01 1.2997417e-03 1.6885829e-03 1715881 1109.09208 1515.30162 9.1245801e+03 1.1602220e+01 1.2653582e+03 3.6337056e+00 9.9515156e+03 1.2969890e+01 0 "" "" "" "" 1109.09208 9.9851156e-04 1515.30162 1.0082307e-03 3.7382583e-03 4.9383380e-02
3610.6264930841808 9.9846774e-01 1.3009844e-03 1.6886001e-03 1715882 1109.09278 1515.29940 9.1372969e+03 1.1613313e+01 1.2694794e+03 3.6398277e+00 9.9635312e+03 1.2982291e+01 0 "" "" "" "" 1109.09278 9.9778443e-04 1515.29940 1.0074421e-03 4.2462284e-03 4.6650991e-02
3610.627881989427 9.9649465e-01 1.2996729e-03 1.6886170e-03 1715883 1109.09370 1515.29814 9.1243184e+03 1.1601604e+01 1.2637039e+03 3.6345761e+00 9.9438418e+03 1.2969203e+01 0 "" "" "" "" 1109.09370 9.9865813e-04 1515.29814 1.0090149e-03 4.5353267e-03 4.6658702e-02
3610.629270894791 9.9828523e-01 1.3002667e-03 1.6886342e-03 1715884 1109.09365 1515.30007 9.1368145e+03 1.1606906e+01 1.2658544e+03 3.6337748e+00 9.9617100e+03 1.2975129e+01 0 "" "" "" "" 1109.09365 9.9753984e-04 1515.30007 1.0067776e-03 5.3543923e-03 4.6961162e-02
3610.6306598000374 9.9620730e-01 1.2998822e-03 1.6886512e-03 1715885 1109.09172 1515.30005 9.1230039e+03 1.1603475e+01 1.2629772e+03 3.6407473e+00 9.9409746e+03 1.2971292e+01 0 "" "" "" "" 1109.09172 9.9902484e-04 1515.30005 1.0089882e-03 1.4959027e-03 4.8746146e-02
3610.632048705283 9.9706388e-01 1.3001475e-03 1.6886682e-03 1715886 1109.09449 1515.29950 9.1333555e+03 1.1605842e+01 1.2631726e+03 3.6377890e+00 9.9495225e+03 1.2973940e+01 0 "" "" "" "" 1109.09449 9.9824276e-04 1515.29950 1.0078412e-03 4.7707404e-03 4.6857059e-02
3610.6334376106465 9.9843431e-01 1.3006951e-03 1.6886853e-03 1715887 1109.09399 1515.29930 9.1379854e+03 1.1610731e+01 1.2667012e+03 3.6401560e+00 9.9631973e+03 1.2979404e+01 0 "" "" "" "" 1109.09399 9.9720736e-04 1515.29930 1.0075283e-03 6.4517078e-03 4.5469884e-02
3610.6348265158927 9.9654120e-01 1.3000681e-03 1.6887023e-03 1715888 1109.09159 1515.29884 9.1191455e+03 1.1605132e+01 1.2701794e+03 3.6429722e+00 9.9443066e+03 1.2973147e+01 0 "" "" "" "" 1109.09159 1.0009673e-03 1515.29884 1.0100012e-03 2.0555963e-03 4.6505127e-02
3610.636215421139 9.9967968e-01 1.3012647e-03 1.6887193e-03 1715889 1109.09169 1515.29817 9.1470947e+03 1.1615815e+01 1.2647250e+03 3.6325104e+00 9.9756250e+03 1.2985088e+01 0 "" "" "" "" 1109.09169 9.9657220e-04 1515.29817 1.0075070e-03 3.3369355e-03 4.6086106e-02
3610.637604326385 9.9400663e-01 1.2984496e-03 1.6887363e-03 1715890 1109.09552 1515.30066 9.1014404e+03 1.1590685e+01 1.2701838e+03 3.6356034e+00 9.9190146e+03 1.2956997e+01 0 "" "" "" "" 1109.09552 1.0011387e-03 1515.30066 1.0096399e-03 4.6398314e-03 4.6401899e-02
3610.638993231631 9.9954462e-01 1.3012778e-03 1.6887533e-03 1715891 1109.09351 1515.30212 9.1500713e+03 1.1615931e+01 1.2648854e+03 3.6394854e+00 9.9742773e+03 1.2985218e+01 0 "" "" "" "" 1109.09351 9.9614460e-04 1515.30212 1.0058354e-03 5.6894752e-03 5.0241906e-02
3610.640382136878 9.9937016e-01 1.3013141e-03 1.6887703e-03 1715892 1109.09553 1515.29889 9.1485938e+03 1.1616256e+01 1.2657026e+03 3.6395826e+00 9.9725361e+03 1.2985580e+01 0 "" "" "" "" 1109.09553 9.9607301e-04 1515.29889 1.0071530e-03 8.6125173e-03 4.6834107e-02
3610.6417710421247 9.9918962e-01 1.3005418e-03 1.6887872e-03 1715893 1109.09013 1515.29954 9.1369570e+03 1.1609361e+01 1.2665565e+03 3.6363585e+00 9.9707344e+03 1.2977874e+01 0 "" "" "" "" 1109.09013 9.9797698e-04 1515.29954 1.0086284e-03 1.0484665e-03 4.8405733e-02
3610.6431599473703 9.9588394e-01 1.3005228e-03 1.6888042e-03 1715894 1109.08912 1515.29384 9.1214609e+03 1.1609193e+01 1.2690756e+03 3.6402199e+00 9.9377480e+03 1.2977685e+01 0 "" "" "" "" 1109.08912 9.9947152e-04 1515.29384 1.0084476e-03 8.0309052e-05 4.1315995e-02
3610.6445488526174 9.9650311e-01 1.3010856e-03 1.6888212e-03 1715895 1109.09292 1515.30307 9.1294248e+03 1.1614216e+01 1.2768914e+03 3.6532376e+00 9.9439268e+03 1.2983300e+01 0 "" "" "" "" 1109.09292 9.9866244e-04 1515.30307 1.0076921e-03 6.7848549e-03 5.0515354e-02
3610.645937757747 9.9796355e-01 1.3000548e-03 1.6888381e-03 1715896 1109.09174 1515.29761 9.1271338e+03 1.1605014e+01 1.2672948e+03 3.6342905e+00 9.9585000e+03 1.2973015e+01 0 "" "" "" "" 1109.09174 9.9883531e-04 1515.29761 1.0073538e-03 2.8041829e-03 4.4368450e-02
3610.6473266629932 9.9952841e-01 1.3016869e-03 1.6888551e-03 1715897 1109.09272 1515.29807 9.1517031e+03 1.1619583e+01 1.2664069e+03 3.6357632e+00 9.9741152e+03 1.2989301e+01 0 "" "" "" "" 1109.09272 9.9720899e-04 1515.29807 1.0084109e-03 3.1768184e-03 4.6208225e-02
3610.648715568123 9.9655062e-01 1.2996003e-03 1.6888720e-03 1715898 1109.09336 1515.30177 9.1201807e+03 1.1600958e+01 1.2677469e+03 3.6354609e+00 9.9444004e+03 1.2968479e+01 0 "" "" "" "" 1109.09336 9.9849468e-04 1515.30177 1.0090993e-03 4.5037521e-03 4.8408624e-02
3610.650104473369 9.9765080e-01 1.3003346e-03 1.6888890e-03 1715899 1109.09205 1515.29889 9.1350830e+03 1.1607512e+01 1.2666365e+03 3.6384168e+00 9.9553789e+03 1.2975806e+01 0 "" "" "" "" 1109.09205 9.9886046e-04 1515.29889 1.0078696e-03 2.5968093e-03 4.5568407e-02
3610.6514933784997 9.9830264e-01 1.3006085e-03 1.6889059e-03 1715900 1109.09168 1515.30084 9.1386611e+03 1.1609958e+01 1.2689706e+03 3.6340463e+00 9.9618838e+03 1.2978540e+01 0 "" "" "" "" 1109.09168 9.9911680e-04 1515.30084 1.0087560e-03 3.3413046e-03 4.6488170e-02
3610.6528822837463 9.9666667e-01 1.3005381e-03 1.6889229e-03 1715901 1109.09483 1515.30062 9.1320479e+03 1.1609327e+01 1.2655610e+03 3.6375275e+00 9.9455586e+03 1.2977837e+01 0 "" "" "" "" 1109.09483 9.9843217e-04 1515.30062 1.0080260e-03 5.6961258e-03 4.8140265e-02
3610.6542711888756 9.9870968e-01 1.3009831e-03 1.6889398e-03 1715902 1109.09122 1515.30049 9.1427754e+03 1.1613301e+01 1.2671785e+03 3.6360638e+00 9.9659453e+03 1.2982278e+01 0 "" "" "" "" 1109.09122 9.9862542e-04 1515.30049 1.0061353e-03 9.7353547e-04 4.6183340e-02
3610.655660094006 9.9750692e-01 1.3005021e-03 1.6889566e-03 1715903 1109.09158 1515.29837 9.1298770e+03 1.1609008e+01 1.2698011e+03 3.6362891e+00 9.9539434e+03 1.2977478e+01 0 "" "" "" "" 1109.09158 9.9867198e-04 1515.29837 1.0086840e-03 2.5263771e-03 4.4213723e-02
3610.657048999136 9.9741769e-01 1.2993640e-03 1.6889735e-03 1715904 1109.09252 1515.30018 9.1320117e+03 1.1598847e+01 1.2634150e+03 3.6280465e+00 9.9530527e+03 1.2966122e+01 0 "" "" "" "" 1109.09252 9.9899981e-04 1515.30018 1.0079193e-03 2.5624882e-03 4.7337078e-02
3610.6584379042656 9.9787939e-01 1.3003589e-03 1.6889904e-03 1715905 1109.09381 1515.29762 9.1379766e+03 1.1607730e+01 1.2590776e+03 3.6383321e+00 9.9576602e+03 1.2976049e+01 0 "" "" "" "" 1109.09381 9.9715462e-04 1515.29762 1.0064383e-03 6.9828276e-03 4.5824472e-02
3610.6598268093953 9.9473554e-01 1.2992145e-03 1.6890073e-03 1715906 1109.09098 1515.30350 9.1122432e+03 1.1597514e+01 1.2721102e+03 3.6382749e+00 9.9262881e+03 1.2964630e+01 0 "" "" "" "" 1109.09098 9.9889922e-04 1515.30350 1.0095526e-03 2.8951298e-03 5.0138995e-02
3610.661215714525 9.9685264e-01 1.3007667e-03 1.6890242e-03 1715907 1109.09064 1515.29691 9.1296777e+03 1.1611369e+01 1.2740437e+03 3.6409359e+00 9.9474141e+03 1.2980119e+01 0 "" "" "" "" 1109.09064 9.9855941e-04 1515.29691 1.0080127e-03 3.7485724e-03 4.4967812e-02
3610.6626046196557 9.9975151e-01 1.3006687e-03 1.6890410e-03 1715908 1109.08917 1515.30065 9.1468643e+03 1.1610494e+01 1.2625524e+03 3.6330409e+00 9.9763418e+03 1.2979140e+01 0 "" "" "" "" 1109.08917 9.9736114e-04 1515.30065 1.0066023e-03 7.6597680e-05 4.6906888e-02
3610.663993524786 9.9795163e-01 1.2999933e-03 1.6890579e-03 1715909 1109.09134 1515.29811 9.1358936e+03 1.1604465e+01 1.2653931e+03 3.6299453e+00 9.9583809e+03 1.2972401e+01 0 "" "" "" "" 1109.09134 9.9734904e-04 1515.29811 1.0071163e-03 3.2795712e-03 4.3830622e-02
3610.6653824299156 9.9896991e-01 1.3002770e-03 1.6890748e-03 1715910 1109.09389 1515.29980 9.1399775e+03 1.1606997e+01 1.2653176e+03 3.6323204e+00 9.9685420e+03 1.2975231e+01 0 "" "" "" "" 1109.09389 9.9757942e-04 1515.29980 1.0064855e-03 3.9451406e-03 4.7601182e-02
3610.6667713350457 9.9871778e-01 1.3004895e-03 1.6890917e-03 1715911 1109.09224 1515.30027 9.1428066e+03 1.1608895e+01 1.2652378e+03 3.6327398e+00 9.9660264e+03 1.2977353e+01 0 "" "" "" "" 1109.09224 9.9894975e-04 1515.30027 1.0065442e-03 2.7136242e-03 4.7236633e-02
3610.668160240059 1.0000942e+00 1.3005387e-03 1.6891084e-03 1715912 1109.09236 1515.30151 9.1557539e+03 1.1609334e+01 1.2589105e+03 3.6261630e+00 9.9797607e+03 1.2977843e+01 0 "" "" "" "" 1109.09236 9.9693146e-04 1515.30151 1.0046295e-03 1.7942837e-03 4.6970122e-02
3610.6695491451887 9.9935722e-01 1.3008050e-03 1.6891253e-03 1715913 1109.09444 1515.29878 9.1478799e+03 1.1611712e+01 1.2634445e+03 3.6314323e+00 9.9724072e+03 1.2980500e+01 0 "" "" "" "" 1109.09444 9.9624705e-04 1515.29878 1.0078556e-03 4.7831489e-03 4.6421528e-02
3610.6709380502025 9.9797422e-01 1.3004205e-03 1.6891421e-03 1715914 1109.09266 1515.29946 9.1354609e+03 1.1608279e+01 1.2687169e+03 3.6427016e+00 9.9586064e+03 1.2976664e+01 0 "" "" "" "" 1109.09266 9.9825964e-04 1515.29946 1.0062807e-03 3.3483244e-03 4.6525568e-02
3610.672326955332 9.9511886e-01 1.2994496e-03 1.6891590e-03 1715915 1109.09013 1515.29735 9.1119209e+03 1.1599612e+01 1.2679916e+03 3.6342146e+00 9.9301133e+03 1.2966975e+01 0 "" "" "" "" 1109.09013 9.9935406e-04 1515.29735 1.0086079e-03 3.2598455e-03 4.4735815e-02
3610.673715860346 9.9769258e-01 1.3000012e-03 1.6891757e-03 1715916 1109.09128 1515.30119 9.1266865e+03 1.1604535e+01 1.2665028e+03 3.6389732e+00 9.9557959e+03 1.2972479e+01 0 "" "" "" "" 1109.09128 9.9838548e-04 1515.30119 1.0091886e-03 1.0105169e-03 4.7274783e-02
3610.6751047654766 9.9700254e-01 1.2994573e-03 1.6891926e-03 1715917 1109.09121 1515.29895 9.1219521e+03 1.1599681e+01 1.2643296e+03 3.6303778e+00 9.9489102e+03 1.2967052e+01 0 "" "" "" "" 1109.09121 9.9978014e-04 1515.29895 1.0073922e-03 1.4002243e-03 4.3424007e-02
3610.67649367049 9.9597543e-01 1.2999792e-03 1.6892094e-03 1715918 1109.09273 1515.30359 9.1163018e+03 1.1604339e+01 1.2710657e+03 3.6451228e+00 9.9386611e+03 1.2972260e+01 0 "" "" "" "" 1109.09273 1.0009822e-03 1515.30359 1.0094109e-03 3.4950322e-03 5.0694730e-02
3610.677882575503 9.9846315e-01 1.3002258e-03 1.6892261e-03 1715919 1109.09046 1515.29764 9.1367275e+03 1.1606542e+01 1.2658464e+03 3.6368971e+00 9.9634854e+03 1.2974722e+01 0 "" "" "" "" 1109.09046 9.9818630e-04 1515.29764 1.0069055e-03 1.8299366e-03 4.4080958e-02
3610.6792714805165 1.0004605e+00 1.3010856e-03 1.6892429e-03 1715920 1109.09077 1515.29631 9.1541250e+03 1.1614216e+01 1.2619854e+03 3.6281977e+00 9.9834160e+03 1.2983300e+01 0 "" "" "" "" 1109.09077 9.9653075e-04 1515.29631 1.0057567e-03 1.5031655e-03 4.3342844e-02
3610.68066038553 9.9435437e-01 1.2982057e-03 1.6892597e-03 1715921 1109.09227 1515.30264 9.1053447e+03 1.1588509e+01 1.2649022e+03 3.6299050e+00 9.9224844e+03 1.2954563e+01 0 "" "" "" "" 1109.09227 9.9894335e-04 1515.30264 1.0086379e-03 3.2057650e-03 4.9107142e-02
3610.6820492905435 9.9726462e-01 1.3000824e-03 1.6892764e-03 1715922 1109.09086 1515.29503 9.1208643e+03 1.1605262e+01 1.2713785e+03 3.6409733e+00 9.9515254e+03 1.2973290e+01 0 "" "" "" "" 1109.09086 9.9902705e-04 1515.29503 1.0074498e-03 1.7516182e-03 4.1491624e-02
3610.683438195557 9.9841326e-01 1.3008954e-03 1.6892932e-03 1715923 1109.09439 1515.30119 9.1446748e+03 1.1612517e+01 1.2656949e+03 3.6370068e+00 9.9629873e+03 1.2981402e+01 0 "" "" "" "" 1109.09439 9.9743297e-04 1515.30119 1.0062358e-03 5.6577763e-03 4.8781529e-02
3610.6848271005706 9.9968839e-01 1.3020313e-03 1.6893100e-03 1715924 1109.09320 1515.30069 9.1446143e+03 1.1622658e+01 1.2717443e+03 3.6400952e+00 9.9757119e+03 1.2992738e+01 0 "" "" "" "" 1109.09320 9.9772739e-04 1515.30069 1.0085154e-03 1.6269501e-03 4.5751285e-02
3610.686216005585 9.9608195e-01 1.2997891e-03 1.6893267e-03 1715925 1109.09010 1515.29737 9.1254805e+03 1.1602642e+01 1.2668160e+03 3.6358645e+00 9.9397236e+03 1.2970363e+01 0 "" "" "" "" 1109.09010 9.9966768e-04 1515.29737 1.0083558e-03 -2.8352981e-04 4.3562200e-02
3610.687604910598 9.9759346e-01 1.3001515e-03 1.6893435e-03 1715926 1109.09182 1515.30048 9.1352559e+03 1.1605877e+01 1.2690872e+03 3.6349919e+00 9.9548066e+03 1.2973979e+01 0 "" "" "" "" 1109.09182 9.9652482e-04 1515.30048 1.0072062e-03 4.8361113e-03 4.7847338e-02
3610.688993815495 9.9644375e-01 1.3002392e-03 1.6893601e-03 1715927 1109.08992 1515.29769 9.1306436e+03 1.1606661e+01 1.2600051e+03 3.6279986e+00 9.9433340e+03 1.2974855e+01 0 "" "" "" "" 1109.08992 9.9775800e-04 1515.29769 1.0070383e-03 9.6389838e-04 4.5820720e-02
3610.6903827205083 9.9809086e-01 1.3012062e-03 1.6893769e-03 1715928 1109.09045 1515.29711 9.1340840e+03 1.1615292e+01 1.2703142e+03 3.6362555e+00 9.9597705e+03 1.2984504e+01 0 "" "" "" "" 1109.09045 9.9903613e-04 1515.29711 1.0089928e-03 1.2497008e-03 4.4381410e-02
3610.691771625405 9.9786001e-01 1.3007158e-03 1.6893935e-03 1715929 1109.09298 1515.29902 9.1384600e+03 1.1610915e+01 1.2682465e+03 3.6373081e+00 9.9574668e+03 1.2979610e+01 0 "" "" "" "" 1109.09298 9.9744741e-04 1515.29902 1.0079384e-03 4.5804866e-03 4.7545370e-02
3610.693160530419 9.9627191e-01 1.2996926e-03 1.6894103e-03 1715930 1109.08858 1515.29926 9.1201084e+03 1.1601780e+01 1.2739569e+03 3.6377659e+00 9.9416191e+03 1.2969399e+01 0 "" "" "" "" 1109.08858 1.0010398e-03 1515.29926 1.0079616e-03 -1.0627963e-03 4.5632306e-02
3610.694549435316 9.9753296e-01 1.3000022e-03 1.6894270e-03 1715931 1109.09302 1515.29568 9.1317783e+03 1.1604544e+01 1.2669254e+03 3.6322405e+00 9.9542031e+03 1.2972489e+01 0 "" "" "" "" 1109.09302 9.9812262e-04 1515.29568 1.0075916e-03 3.9019191e-03 4.2481449e-02
3610.6959383403296 9.9746192e-01 1.2995717e-03 1.6894437e-03 1715932 1109.09031 1515.29765 9.1309072e+03 1.1600702e+01 1.2615796e+03 3.6329439e+00 9.9534941e+03 1.2968194e+01 0 "" "" "" "" 1109.09031 9.9876942e-04 1515.29765 1.0075164e-03 1.8671977e-04 4.4635970e-02
3610.697327245228 9.9709326e-01 1.3009640e-03 1.6894604e-03 1715933 1109.09199 1515.29913 9.1290625e+03 1.1613131e+01 1.2677471e+03 3.6508572e+00 9.9498154e+03 1.2982088e+01 0 "" "" "" "" 1109.09199 9.9875475e-04 1515.29913 1.0077523e-03 3.5011580e-03 4.5814939e-02
3610.6987161501247 9.9587780e-01 1.2993163e-03 1.6894770e-03 1715934 1109.09121 1515.29740 9.1166592e+03 1.1598421e+01 1.2668503e+03 3.6312082e+00 9.9376865e+03 1.2965645e+01 0 "" "" "" "" 1109.09121 1.0002544e-03 1515.29740 1.0081464e-03 2.2266509e-03 4.4911265e-02
3610.7001050551376 9.9803811e-01 1.3004346e-03 1.6894938e-03 1715935 1109.09009 1515.29808 9.1353525e+03 1.1608404e+01 1.2675795e+03 3.6380825e+00 9.9592441e+03 1.2976804e+01 0 "" "" "" "" 1109.09009 9.9808397e-04 1515.29808 1.0079590e-03 4.2011862e-04 4.3684524e-02
3610.7014939600344 9.9513322e-01 1.2989551e-03 1.6895104e-03 1715936 1109.08970 1515.29890 9.1098311e+03 1.1595196e+01 1.2677871e+03 3.6330068e+00 9.9302568e+03 1.2962040e+01 0 "" "" "" "" 1109.08970 9.9944125e-04 1515.29890 1.0085739e-03 1.0465046e-04 4.5954660e-02
3610.7028828649313 9.9788469e-01 1.3006380e-03 1.6895271e-03 1715937 1109.09404 1515.30126 9.1338584e+03 1.1610220e+01 1.2712478e+03 3.6459796e+00 9.9577129e+03 1.2978833e+01 0 "" "" "" "" 1109.09404 9.9947548e-04 1515.30126 1.0070137e-03 5.6729103e-03 4.9272966e-02
3610.704271769829 9.9885499e-01 1.3007901e-03 1.6895437e-03 1715938 1109.08924 1515.29511 9.1410215e+03 1.1611579e+01 1.2661439e+03 3.6415508e+00 9.9673955e+03 1.2980352e+01 0 "" "" "" "" 1109.08924 9.9706801e-04 1515.29511 1.0065922e-03 1.1067771e-04 4.1429069e-02
3610.7056606747256 9.9674612e-01 1.2994279e-03 1.6895604e-03 1715939 1109.09140 1515.29987 9.1189873e+03 1.1599420e+01 1.2646750e+03 3.6316290e+00 9.9463516e+03 1.2966760e+01 0 "" "" "" "" 1109.09140 9.9973625e-04 1515.29987 1.0092746e-03 1.0612552e-03 4.6352077e-02
3610.707049579623 1.0000114e+00 1.3015369e-03 1.6895770e-03 1715940 1109.09188 1515.29893 9.1444180e+03 1.1618245e+01 1.2651028e+03 3.6447895e+00 9.9789355e+03 1.2987804e+01 0 "" "" "" "" 1109.09188 9.9823077e-04 1515.29893 1.0076679e-03 2.9835624e-03 4.6844326e-02
3610.708438484521 9.9676901e-01 1.2998697e-03 1.6895937e-03 1715941 1109.09226 1515.29804 9.1225586e+03 1.1603362e+01 1.2663774e+03 3.6343822e+00 9.9465801e+03 1.2971168e+01 0 "" "" "" "" 1109.09226 1.0005891e-03 1515.29804 1.0092838e-03 2.5002093e-03 4.5622583e-02
3610.709827389418 9.9832928e-01 1.3010781e-03 1.6896103e-03 1715942 1109.08749 1515.29797 9.1350713e+03 1.1614149e+01 1.2746409e+03 3.6407120e+00 9.9621494e+03 1.2983226e+01 0 "" "" "" "" 1109.08749 9.9902973e-04 1515.29797 1.0075206e-03 -1.4531249e-03 4.5059584e-02
3610.711216294198 9.9812114e-01 1.3006728e-03 1.6896268e-03 1715943 1109.09454 1515.29984 9.1414014e+03 1.1610531e+01 1.2672333e+03 3.6379039e+00 9.9600723e+03 1.2979181e+01 0 "" "" "" "" 1109.09454 9.9694484e-04 1515.29984 1.0082520e-03 6.0224971e-03 4.5465320e-02
3610.712605199096 9.9927926e-01 1.3009897e-03 1.6896435e-03 1715944 1109.09272 1515.30059 9.1435596e+03 1.1613359e+01 1.2705248e+03 3.6377454e+00 9.9716289e+03 1.2982344e+01 0 "" "" "" "" 1109.09272 9.9966279e-04 1515.30059 1.0073150e-03 1.3872348e-03 4.9258504e-02
3610.7139941039927 9.9824363e-01 1.3001162e-03 1.6896601e-03 1715945 1109.09246 1515.29885 9.1321406e+03 1.1605562e+01 1.2677574e+03 3.6331668e+00 9.9612949e+03 1.2973627e+01 0 "" "" "" "" 1109.09246 9.9799491e-04 1515.29885 1.0073399e-03 3.2178361e-03 4.5302138e-02
3610.715383008773 9.9537015e-01 1.2994934e-03 1.6896767e-03 1715946 1109.08836 1515.29676 9.1094424e+03 1.1600002e+01 1.2701649e+03 3.6406426e+00 9.9326211e+03 1.2967412e+01 0 "" "" "" "" 1109.08836 9.9960505e-04 1515.29676 1.0088877e-03 -1.5951709e-03 4.2392723e-02
3610.7167719136696 9.9858803e-01 1.3014501e-03 1.6896933e-03 1715947 1109.09082 1515.29540 9.1420957e+03 1.1617469e+01 1.2749463e+03 3.6437745e+00 9.9647314e+03 1.2986938e+01 0 "" "" "" "" 1109.09082 9.9925778e-04 1515.29540 1.0071977e-03 2.8660274e-03 4.2293102e-02
3610.7181608184505 9.9492174e-01 1.2989823e-03 1.6897098e-03 1715948 1109.09148 1515.29977 9.1075088e+03 1.1595442e+01 1.2680028e+03 3.6346457e+00 9.9281465e+03 1.2962313e+01 0 "" "" "" "" 1109.09148 1.0002045e-03 1515.29977 1.0096160e-03 2.4075746e-03 4.5462038e-02
3610.719549723349 9.9643463e-01 1.2996804e-03 1.6897265e-03 1715949 1109.08966 1515.29698 9.1207471e+03 1.1601672e+01 1.2653485e+03 3.6369166e+00 9.9432432e+03 1.2969278e+01 0 "" "" "" "" 1109.08966 9.9974498e-04 1515.29698 1.0083911e-03 2.1736139e-04 4.3706298e-02
3610.7209386281293 9.9742424e-01 1.3009121e-03 1.6897430e-03 1715950 1109.09064 1515.30164 9.1317461e+03 1.1612667e+01 1.2677916e+03 3.6463082e+00 9.9531182e+03 1.2981569e+01 0 "" "" "" "" 1109.09064 9.9937129e-04 1515.30164 1.0093519e-03 2.1939762e-03 4.8157830e-02
3610.7223275329093 9.9826682e-01 1.3003047e-03 1.6897595e-03 1715951 1109.08816 1515.29803 9.1342461e+03 1.1607245e+01 1.2682888e+03 3.6364336e+00 9.9615264e+03 1.2975508e+01 0 "" "" "" "" 1109.08816 9.9764112e-04 1515.29803 1.0065964e-03 1.2616123e-03 4.4875160e-02
3610.723716437807 9.9857676e-01 1.3003523e-03 1.6897762e-03 1715952 1109.08834 1515.29720 9.1392773e+03 1.1607671e+01 1.2648491e+03 3.6303961e+00 9.9646191e+03 1.2975983e+01 0 "" "" "" "" 1109.08834 9.9876407e-04 1515.29720 1.0066901e-03 -1.6184272e-03 4.2397127e-02
3610.7251053425875 9.9966931e-01 1.3010928e-03 1.6897927e-03 1715953 1109.09128 1515.30159 9.1417393e+03 1.1614280e+01 1.2688573e+03 3.6400239e+00 9.9755215e+03 1.2983373e+01 0 "" "" "" "" 1109.09128 9.9942577e-04 1515.30159 1.0067860e-03 2.5058964e-03 5.0417457e-02
3610.726494247368 9.9545705e-01 1.2991555e-03 1.6898093e-03 1715954 1109.09218 1515.29205 9.1147490e+03 1.1596987e+01 1.2658678e+03 3.6338344e+00 9.9334883e+03 1.2964041e+01 0 "" "" "" "" 1109.09218 9.9996862e-04 1515.29205 1.0087427e-03 2.5247482e-03 3.8797285e-02
3610.727883152148 9.9826801e-01 1.3003674e-03 1.6898258e-03 1715955 1109.09306 1515.29643 9.1418242e+03 1.1607805e+01 1.2615121e+03 3.6287742e+00 9.9615381e+03 1.2976134e+01 0 "" "" "" "" 1109.09306 9.9802867e-04 1515.29643 1.0072987e-03 3.4290589e-03 4.3719098e-02
3610.729272056928 9.9874020e-01 1.3011051e-03 1.6898423e-03 1715956 1109.09016 1515.29972 9.1433867e+03 1.1614390e+01 1.2694083e+03 3.6384807e+00 9.9662500e+03 1.2983496e+01 0 "" "" "" "" 1109.09016 9.9884346e-04 1515.29972 1.0073668e-03 1.2495898e-03 4.7479156e-02
3610.7306609617103 9.9863404e-01 1.3000930e-03 1.6898589e-03 1715957 1109.08654 1515.29592 9.1347949e+03 1.1605354e+01 1.2633369e+03 3.6294773e+00 9.9651904e+03 1.2973395e+01 0 "" "" "" "" 1109.08654 9.9752762e-04 1515.29592 1.0074059e-03 -3.1417159e-03 4.2000648e-02
3610.7320498664913 9.9589491e-01 1.3002862e-03 1.6898754e-03 1715958 1109.09041 1515.30017 9.1119316e+03 1.1607080e+01 1.2705680e+03 3.6433239e+00 9.9378574e+03 1.2975323e+01 0 "" "" "" "" 1109.09041 9.9998899e-04 1515.30017 1.0088369e-03 3.4260249e-03 4.5949101e-02
3610.733438771155 9.9573481e-01 1.2998923e-03 1.6898918e-03 1715959 1109.09111 1515.29961 9.1145547e+03 1.1603563e+01 1.2684353e+03 3.6420779e+00 9.9362598e+03 1.2971393e+01 0 "" "" "" "" 1109.09111 9.9973509e-04 1515.29961 1.0101135e-03 1.6934989e-03 4.5800325e-02
3610.7348276759362 9.9687356e-01 1.3002902e-03 1.6899083e-03 1715960 1109.08863 1515.29678 9.1255547e+03 1.1607116e+01 1.2687886e+03 3.6490562e+00 9.9476230e+03 1.2975364e+01 0 "" "" "" "" 1109.08863 9.9867804e-04 1515.29678 1.0073622e-03 -3.3132901e-04 4.2986382e-02
3610.7362165807167 9.9854165e-01 1.3003080e-03 1.6899249e-03 1715961 1109.09278 1515.29973 9.1387285e+03 1.1607275e+01 1.2634026e+03 3.6320963e+00 9.9642686e+03 1.2975541e+01 0 "" "" "" "" 1109.09278 9.9787570e-04 1515.29973 1.0080353e-03 3.7577176e-03 4.4594411e-02
3610.737605485497 9.9744755e-01 1.3003810e-03 1.6899414e-03 1715962 1109.08889 1515.30147 9.1304512e+03 1.1607926e+01 1.2719644e+03 3.6341591e+00 9.9533506e+03 1.2976270e+01 0 "" "" "" "" 1109.08889 9.9872053e-04 1515.30147 1.0078043e-03 -2.4913901e-03 4.7734514e-02
3610.7389943901608 9.9736571e-01 1.3002938e-03 1.6899578e-03 1715963 1109.09034 1515.29869 9.1294160e+03 1.1607147e+01 1.2640040e+03 3.6395879e+00 9.9525342e+03 1.2975400e+01 0 "" "" "" "" 1109.09034 1.0003777e-03 1515.29869 1.0085545e-03 2.1132650e-03 4.3038420e-02
3610.7403832949412 9.9852753e-01 1.3002787e-03 1.6899743e-03 1715964 1109.08997 1515.29781 9.1375850e+03 1.1607014e+01 1.2622847e+03 3.6325717e+00 9.9641279e+03 1.2975249e+01 0 "" "" "" "" 1109.08997 9.9941215e-04 1515.29781 1.0076414e-03 -2.3482451e-03 4.3540485e-02
3610.7417721996067 9.9654365e-01 1.3001357e-03 1.6899907e-03 1715965 1109.09182 1515.30007 9.1244033e+03 1.1605738e+01 1.2681592e+03 3.6454337e+00 9.9443311e+03 1.2973823e+01 0 "" "" "" "" 1109.09182 9.9909981e-04 1515.30007 1.0082397e-03 3.7567797e-03 4.7096852e-02
3610.7431611043876 1.0012374e+00 1.3015013e-03 1.6900073e-03 1715966 1109.08902 1515.29729 9.1566777e+03 1.1617927e+01 1.2655852e+03 3.6317513e+00 9.9911689e+03 1.2987449e+01 0 "" "" "" "" 1109.08902 9.9573121e-04 1515.29729 1.0049568e-03 1.2835721e-03 4.1486945e-02
3610.744550009051 9.9671680e-01 1.2996329e-03 1.6900237e-03 1715967 1109.09117 1515.30256 9.1190059e+03 1.1601250e+01 1.2634885e+03 3.6339326e+00 9.9460586e+03 1.2968805e+01 0 "" "" "" "" 1109.09117 9.9920633e-04 1515.30256 1.0095609e-03 1.3702547e-03 4.9398903e-02
3610.745938913716 9.9760342e-01 1.3000665e-03 1.6900401e-03 1715968 1109.09267 1515.29750 9.1301377e+03 1.1605120e+01 1.2627322e+03 3.6320212e+00 9.9549062e+03 1.2973131e+01 0 "" "" "" "" 1109.09267 9.9933392e-04 1515.29750 1.0085321e-03 2.3667607e-03 4.2881448e-02
3610.7473278184966 9.9743998e-01 1.3005515e-03 1.6900566e-03 1715969 1109.09173 1515.29884 9.1307578e+03 1.1609447e+01 1.2714845e+03 3.6363444e+00 9.9532754e+03 1.2977970e+01 0 "" "" "" "" 1109.09173 9.9768292e-04 1515.29884 1.0078738e-03 3.8833874e-03 4.5729328e-02
3610.7487167231607 9.9771076e-01 1.3011107e-03 1.6900731e-03 1715970 1109.08683 1515.29914 9.1279785e+03 1.1614439e+01 1.2673673e+03 3.6373382e+00 9.9559775e+03 1.2983551e+01 0 "" "" "" "" 1109.08683 9.9973194e-04 1515.29914 1.0094227e-03 -4.3193949e-03 4.6820536e-02
3610.7501056278247 9.9743605e-01 1.3007240e-03 1.6900895e-03 1715971 1109.08960 1515.29779 9.1296689e+03 1.1610988e+01 1.2660339e+03 3.6339581e+00 9.9532363e+03 1.2979692e+01 0 "" "" "" "" 1109.08960 9.9939702e-04 1515.29779 1.0091807e-03 -8.8924688e-05 4.4712719e-02
3610.751494532489 9.9586123e-01 1.2995870e-03 1.6901059e-03 1715972 1109.09334 1515.30138 9.1151973e+03 1.1600839e+01 1.2728104e+03 3.6411464e+00 9.9375215e+03 1.2968346e+01 0 "" "" "" "" 1109.09334 1.0001786e-03 1515.30138 1.0099967e-03 1.0142081e-03 4.6125542e-02
3610.7528834371537 9.9668545e-01 1.3007489e-03 1.6901223e-03 1715973 1109.09244 1515.29781 9.1222061e+03 1.1611212e+01 1.2753148e+03 3.6459913e+00 9.9457461e+03 1.2979941e+01 0 "" "" "" "" 1109.09244 1.0019122e-03 1515.29781 1.0085253e-03 3.1128151e-03 4.5367919e-02
3610.7542723418183 9.9508852e-01 1.2985414e-03 1.6901387e-03 1715974 1109.09100 1515.29853 9.1020908e+03 1.1591505e+01 1.2676083e+03 3.6337550e+00 9.9298105e+03 1.2957912e+01 0 "" "" "" "" 1109.09100 1.0014389e-03 1515.29853 1.0104702e-03 1.5714453e-03 4.4566344e-02
3610.755661246482 9.9811077e-01 1.3007141e-03 1.6901551e-03 1715975 1109.08963 1515.29939 9.1339971e+03 1.1610899e+01 1.2696222e+03 3.6366677e+00 9.9599688e+03 1.2979593e+01 0 "" "" "" "" 1109.08963 9.9944358e-04 1515.29939 1.0069497e-03 7.4303860e-04 4.3433446e-02
3610.757050151147 9.9791265e-01 1.3006690e-03 1.6901715e-03 1715976 1109.08954 1515.29785 9.1301289e+03 1.1610497e+01 1.2679314e+03 3.6424756e+00 9.9579922e+03 1.2979144e+01 0 "" "" "" "" 1109.08954 9.9860330e-04 1515.29785 1.0084660e-03 6.6352956e-04 4.4309426e-02
3610.758439055811 9.9596119e-01 1.2993874e-03 1.6901880e-03 1715977 1109.09304 1515.30186 9.1183887e+03 1.1599057e+01 1.2666742e+03 3.6389835e+00 9.9385186e+03 1.2966355e+01 0 "" "" "" "" 1109.09304 9.9869038e-04 1515.30186 1.0097947e-03 2.5952975e-03 4.7876302e-02
3610.759827960475 9.9693954e-01 1.2998960e-03 1.6902044e-03 1715978 1109.09018 1515.29756 9.1209131e+03 1.1603598e+01 1.2678627e+03 3.6364102e+00 9.9482812e+03 1.2971431e+01 0 "" "" "" "" 1109.09018 9.9976186e-04 1515.29756 1.0077005e-03 1.5113308e-03 4.3586981e-02
3610.7612168650226 9.9696749e-01 1.3002655e-03 1.6902207e-03 1715979 1109.09225 1515.29960 9.1223252e+03 1.1606895e+01 1.2699435e+03 3.6396804e+00 9.9485605e+03 1.2975118e+01 0 "" "" "" "" 1109.09225 9.9951099e-04 1515.29960 1.0075779e-03 3.1409340e-03 4.7671482e-02
3610.7626057696866 9.9784601e-01 1.3008275e-03 1.6902371e-03 1715980 1109.08824 1515.29489 9.1309873e+03 1.1611912e+01 1.2685321e+03 3.6436713e+00 9.9573271e+03 1.2980725e+01 0 "" "" "" "" 1109.08824 9.9921471e-04 1515.29489 1.0077334e-03 -8.2957774e-04 4.1705042e-02
3610.7639946743516 9.9811739e-01 1.3008246e-03 1.6902535e-03 1715981 1109.08927 1515.29647 9.1342393e+03 1.1611886e+01 1.2720459e+03 3.6437700e+00 9.9600352e+03 1.2980696e+01 0 "" "" "" "" 1109.08927 9.9757116e-04 1515.29647 1.0070459e-03 7.1720977e-04 4.2473655e-02
3610.7653835788997 9.9701387e-01 1.2998320e-03 1.6902698e-03 1715982 1109.09313 1515.30130 9.1228447e+03 1.1603026e+01 1.2632168e+03 3.6380751e+00 9.9490234e+03 1.2970792e+01 0 "" "" "" "" 1109.09313 9.9998503e-04 1515.30130 1.0084066e-03 3.1670595e-03 4.9375363e-02
3610.7667724835633 9.9448287e-01 1.2986282e-03 1.6902862e-03 1715983 1109.09223 1515.30119 9.1029414e+03 1.1592279e+01 1.2690793e+03 3.6382265e+00 9.9237666e+03 1.2958778e+01 0 "" "" "" "" 1109.09223 9.9912146e-04 1515.30119 1.0095437e-03 3.9029904e-03 4.8756491e-02
3610.768161388112 9.9771154e-01 1.3006475e-03 1.6903025e-03 1715984 1109.08921 1515.29661 9.1269580e+03 1.1610306e+01 1.2629336e+03 3.6307838e+00 9.9559854e+03 1.2978930e+01 0 "" "" "" "" 1109.08921 9.9936710e-04 1515.29661 1.0081991e-03 -8.0426995e-05 4.1481804e-02
3610.769550292776 9.9681443e-01 1.3000519e-03 1.6903189e-03 1715985 1109.09159 1515.29718 9.1183564e+03 1.1604988e+01 1.2700685e+03 3.6438036e+00 9.9470332e+03 1.2972985e+01 0 "" "" "" "" 1109.09159 9.9994079e-04 1515.29718 1.0082800e-03 1.9870347e-03 4.2230383e-02
3610.7709391973235 9.9633747e-01 1.2996172e-03 1.6903352e-03 1715986 1109.08904 1515.29714 9.1185215e+03 1.1601109e+01 1.2684569e+03 3.6417427e+00 9.9422734e+03 1.2968648e+01 0 "" "" "" "" 1109.08904 9.9908980e-04 1515.29714 1.0096520e-03 6.9315423e-04 4.4634115e-02
3610.7723281018716 9.9962932e-01 1.3013992e-03 1.6903515e-03 1715987 1109.09122 1515.29878 9.1455898e+03 1.1617016e+01 1.2701232e+03 3.6403508e+00 9.9751221e+03 1.2986430e+01 0 "" "" "" "" 1109.09122 9.9715183e-04 1515.29878 1.0080509e-03 3.6952589e-03 4.6871290e-02
3610.7737170065357 9.9739224e-01 1.3003555e-03 1.6903679e-03 1715988 1109.09147 1515.29764 9.1285107e+03 1.1607700e+01 1.2675909e+03 3.6446619e+00 9.9527988e+03 1.2976016e+01 0 "" "" "" "" 1109.09147 9.9811365e-04 1515.29764 1.0073375e-03 5.3343982e-03 4.5202136e-02
3610.7751059110838 9.9706233e-01 1.3002012e-03 1.6903842e-03 1715989 1109.08884 1515.29814 9.1247090e+03 1.1606320e+01 1.2673063e+03 3.6374292e+00 9.9495068e+03 1.2974475e+01 0 "" "" "" "" 1109.08884 9.9916512e-04 1515.29814 1.0070391e-03 -2.1091331e-04 4.4098489e-02
3610.776494815632 9.9518955e-01 1.2997116e-03 1.6904005e-03 1715990 1109.09100 1515.30087 9.1071025e+03 1.1601951e+01 1.2724095e+03 3.6423283e+00 9.9308184e+03 1.2969590e+01 0 "" "" "" "" 1109.09100 1.0018696e-03 1515.30087 1.0101631e-03 1.6988567e-03 4.6334680e-02
3610.7778837201795 9.9850857e-01 1.3001893e-03 1.6904168e-03 1715991 1109.09352 1515.29865 9.1289971e+03 1.1606215e+01 1.2687451e+03 3.6359222e+00 9.9639385e+03 1.2974357e+01 0 "" "" "" "" 1109.09352 9.9913741e-04 1515.29865 1.0086466e-03 3.5880655e-03 4.4417005e-02
3610.7792726247276 9.9803668e-01 1.3003183e-03 1.6904331e-03 1715992 1109.08783 1515.29799 9.1342305e+03 1.1607366e+01 1.2667275e+03 3.6358685e+00 9.9592295e+03 1.2975644e+01 0 "" "" "" "" 1109.08783 9.9780317e-04 1515.29799 1.0069369e-03 -1.8691840e-03 4.3117661e-02
3610.780661529275 9.9804646e-01 1.3004234e-03 1.6904494e-03 1715993 1109.09123 1515.30102 9.1325410e+03 1.1608304e+01 1.2677209e+03 3.6311114e+00 9.9593271e+03 1.2976692e+01 0 "" "" "" "" 1109.09123 9.9964999e-04 1515.30102 1.0063017e-03 2.0716107e-03 4.6566270e-02
3610.782050433823 9.9883711e-01 1.3009153e-03 1.6904657e-03 1715994 1109.09154 1515.29490 9.1409814e+03 1.1612695e+01 1.2671846e+03 3.6418631e+00 9.9672168e+03 1.2981601e+01 0 "" "" "" "" 1109.09154 9.9786802e-04 1515.29490 1.0066453e-03 9.3082071e-04 4.1875202e-02
3610.783439338371 9.9852872e-01 1.3006055e-03 1.6904820e-03 1715995 1109.09079 1515.30313 9.1330596e+03 1.1609930e+01 1.2695725e+03 3.6411998e+00 9.9641396e+03 1.2978510e+01 0 "" "" "" "" 1109.09079 1.0001692e-03 1515.30313 1.0072086e-03 2.1139404e-04 4.8047371e-02
3610.7848282429186 9.9722266e-01 1.3008778e-03 1.6904983e-03 1715996 1109.09102 1515.29748 9.1302988e+03 1.1612361e+01 1.2685826e+03 3.6406951e+00 9.9511064e+03 1.2981227e+01 0 "" "" "" "" 1109.09102 1.0008181e-03 1515.29748 1.0075079e-03 3.8243030e-04 4.3630067e-02
3610.7862171474667 9.9861932e-01 1.3003771e-03 1.6905146e-03 1715997 1109.08832 1515.29488 9.1379395e+03 1.1607891e+01 1.2646699e+03 3.6277392e+00 9.9650439e+03 1.2976231e+01 0 "" "" "" "" 1109.08832 9.9910214e-04 1515.29488 1.0065684e-03 -1.7420271e-03 3.9738949e-02
3610.787606051899 9.9931121e-01 1.3010277e-03 1.6905308e-03 1715998 1109.09037 1515.29776 9.1418193e+03 1.1613699e+01 1.2637019e+03 3.6354432e+00 9.9719482e+03 1.2982723e+01 0 "" "" "" "" 1109.09037 9.9645730e-04 1515.29776 1.0074558e-03 1.2646363e-03 4.4193272e-02
3610.7889949564465 9.9947095e-01 1.3005671e-03 1.6905471e-03 1715999 1109.09027 1515.30130 9.1441230e+03 1.1609588e+01 1.2675444e+03 3.6324074e+00 9.9735420e+03 1.2978127e+01 0 "" "" "" "" 1109.09027 9.9602074e-04 1515.30130 1.0076892e-03 1.1871180e-03 4.9273949e-02
3610.790383860994 9.9705166e-01 1.2997835e-03 1.6905634e-03 1716000 1109.09411 1515.29945 9.1250332e+03 1.1602592e+01 1.2701118e+03 3.6356683e+00 9.9494004e+03 1.2970306e+01 0 "" "" "" "" 1109.09411 9.9968119e-04 1515.29945 1.0066155e-03 4.0733572e-03 4.5941047e-02
3610.7917727654253 9.9745488e-01 1.3003325e-03 1.6905796e-03 1716001 1109.09029 1515.29859 9.1301230e+03 1.1607493e+01 1.2708618e+03 3.6372089e+00 9.9534238e+03 1.2975785e+01 0 "" "" "" "" 1109.09029 1.0001758e-03 1515.29859 1.0078303e-03 1.1424732e-03 4.5853231e-02
3610.793161669973 9.9948788e-01 1.3009772e-03 1.6905959e-03 1716002 1109.08956 1515.29838 9.1450215e+03 1.1613249e+01 1.2640554e+03 3.6394632e+00 9.9737109e+03 1.2982219e+01 0 "" "" "" "" 1109.08956 9.9768117e-04 1515.29838 1.0073921e-03 -2.9193505e-04 4.5125894e-02
3610.7945505744046 9.9684721e-01 1.2996270e-03 1.6906121e-03 1716003 1109.09115 1515.30067 9.1205635e+03 1.1601197e+01 1.2682893e+03 3.6371732e+00 9.9473604e+03 1.2968746e+01 0 "" "" "" "" 1109.09115 9.9886267e-04 1515.30067 1.0084788e-03 4.7155567e-03 4.7502603e-02
3610.7959394789523 9.9847519e-01 1.3002036e-03 1.6906284e-03 1716004 1109.09069 1515.29575 9.1365547e+03 1.1606342e+01 1.2625828e+03 3.6358805e+00 9.9636055e+03 1.2974500e+01 0 "" "" "" "" 1109.09069 9.9846651e-04 1515.29575 1.0072467e-03 2.8688768e-03 4.1646753e-02
3610.797328383384 9.9948055e-01 1.3008023e-03 1.6906445e-03 1716005 1109.09128 1515.30028 9.1431006e+03 1.1611687e+01 1.2654656e+03 3.6347425e+00 9.9736377e+03 1.2980474e+01 0 "" "" "" "" 1109.09128 9.9647592e-04 1515.30028 1.0080754e-03 2.5580726e-03 4.7294889e-02
3610.7987172879325 9.9636704e-01 1.2989671e-03 1.6906608e-03 1716006 1109.08929 1515.29927 9.1185820e+03 1.1595304e+01 1.2624017e+03 3.6311288e+00 9.9425684e+03 1.2962160e+01 0 "" "" "" "" 1109.08929 9.9969597e-04 1515.29927 1.0078427e-03 2.9182190e-04 4.4361200e-02
3610.8001061923637 9.9851358e-01 1.3008914e-03 1.6906770e-03 1716007 1109.09220 1515.29901 9.1359238e+03 1.1612482e+01 1.2684337e+03 3.6367793e+00 9.9639883e+03 1.2981362e+01 0 "" "" "" "" 1109.09220 1.0000017e-03 1515.29901 1.0083709e-03 3.4901854e-03 4.6575386e-02
3610.801495096795 9.9723995e-01 1.2997343e-03 1.6906932e-03 1716008 1109.09148 1515.30147 9.1293018e+03 1.1602154e+01 1.2629374e+03 3.6365919e+00 9.9512793e+03 1.2969816e+01 0 "" "" "" "" 1109.09148 9.9828036e-04 1515.30147 1.0076477e-03 2.4283429e-05 4.8636492e-02
3610.802884001226 9.9954808e-01 1.3002479e-03 1.6907094e-03 1716009 1109.09023 1515.29787 9.1387158e+03 1.1606738e+01 1.2631243e+03 3.6344438e+00 9.9743115e+03 1.2974941e+01 0 "" "" "" "" 1109.09023 9.9764823e-04 1515.29787 1.0058901e-03 1.5279519e-03 4.3083269e-02
3610.8042729056574 9.9615806e-01 1.2999550e-03 1.6907256e-03 1716010 1109.09469 1515.29715 9.1143799e+03 1.1604123e+01 1.2692170e+03 3.6427619e+00 9.9404834e+03 1.2972018e+01 0 "" "" "" "" 1109.09469 1.0004763e-03 1515.29715 1.0092543e-03 4.9164370e-03 4.5437057e-02
3610.805661810206 9.9642581e-01 1.2998603e-03 1.6907419e-03 1716011 1109.08856 1515.29876 9.1191465e+03 1.1603279e+01 1.2706212e+03 3.6411777e+00 9.9431553e+03 1.2971074e+01 0 "" "" "" "" 1109.08856 1.0001829e-03 1515.29876 1.0083445e-03 3.0394184e-04 4.4600610e-02
3610.8070507146367 9.9493057e-01 1.2990899e-03 1.6907580e-03 1716012 1109.09178 1515.30177 9.1101963e+03 1.1596401e+01 1.2665078e+03 3.6372488e+00 9.9282344e+03 1.2963386e+01 0 "" "" "" "" 1109.09178 1.0009230e-03 1515.30177 1.0093828e-03 2.1197470e-03 4.8236325e-02
3610.8084396190684 9.9697697e-01 1.2999657e-03 1.6907742e-03 1716013 1109.09352 1515.29717 9.1254395e+03 1.1604218e+01 1.2657191e+03 3.6306591e+00 9.9486553e+03 1.2972125e+01 0 "" "" "" "" 1109.09352 9.9865010e-04 1515.29717 1.0089080e-03 6.9173211e-03 4.3377627e-02
3610.809828523501 9.9555433e-01 1.2995494e-03 1.6907904e-03 1716014 1109.08777 1515.29695 9.1093037e+03 1.1600502e+01 1.2619293e+03 3.6412616e+00 9.9344590e+03 1.2967971e+01 0 "" "" "" "" 1109.08777 9.9992496e-04 1515.29695 1.0090618e-03 8.0228301e-06 4.4016741e-02
3610.811217427932 9.9800253e-01 1.3006156e-03 1.6908066e-03 1716015 1109.09412 1515.29824 9.1353154e+03 1.1610021e+01 1.2702316e+03 3.6352825e+00 9.9588887e+03 1.2978611e+01 0 "" "" "" "" 1109.09412 9.9853450e-04 1515.29824 1.0079973e-03 4.6791225e-03 4.6678938e-02
3610.8126063322466 9.9757415e-01 1.2999409e-03 1.6908227e-03 1716016 1109.09268 1515.29859 9.1306445e+03 1.1603997e+01 1.2650686e+03 3.6366286e+00 9.9546143e+03 1.2971877e+01 0 "" "" "" "" 1109.09268 9.9782075e-04 1515.29859 1.0078804e-03 2.3452535e-03 4.6624273e-02
3610.813995236678 9.9675173e-01 1.2999624e-03 1.6908388e-03 1716017 1109.09013 1515.29864 9.1179854e+03 1.1604190e+01 1.2730211e+03 3.6404934e+00 9.9464072e+03 1.2972093e+01 0 "" "" "" "" 1109.09013 9.9855848e-04 1515.29864 1.0080743e-03 1.8408216e-03 4.5422312e-02
3610.815384141109 9.9853724e-01 1.3001710e-03 1.6908550e-03 1716018 1109.09133 1515.29721 9.1300078e+03 1.1606052e+01 1.2692273e+03 3.6371796e+00 9.9642246e+03 1.2974174e+01 0 "" "" "" "" 1109.09133 9.9917408e-04 1515.29721 1.0068765e-03 9.3009218e-04 4.3056134e-02
3610.816773045541 9.9807286e-01 1.3003593e-03 1.6908712e-03 1716019 1109.09476 1515.30061 9.1412158e+03 1.1607734e+01 1.2598417e+03 3.6292632e+00 9.9595908e+03 1.2976053e+01 0 "" "" "" "" 1109.09476 9.9697500e-04 1515.30061 1.0069789e-03 6.3593709e-03 4.7039464e-02
3610.8181619498555 9.9887210e-01 1.3007206e-03 1.6908873e-03 1716020 1109.08772 1515.29652 9.1430596e+03 1.1610958e+01 1.2661527e+03 3.6396213e+00 9.9675664e+03 1.2979659e+01 0 "" "" "" "" 1109.08772 9.9772925e-04 1515.29652 1.0046152e-03 7.0923287e-04 4.4116423e-02
3610.819550854287 9.9650693e-01 1.2995490e-03 1.6909034e-03 1716021 1109.09068 1515.29937 9.1199688e+03 1.1600499e+01 1.2681254e+03 3.6358721e+00 9.9439648e+03 1.2967967e+01 0 "" "" "" "" 1109.09068 9.9827675e-04 1515.29937 1.0092477e-03 3.0174511e-03 4.5618787e-02
3610.8209397587198 9.9979645e-01 1.3009171e-03 1.6909196e-03 1716022 1109.09232 1515.29857 9.1453076e+03 1.1612713e+01 1.2641719e+03 3.6307983e+00 9.9767900e+03 1.2981620e+01 0 "" "" "" "" 1109.09232 9.9834555e-04 1515.29857 1.0057973e-03 2.5818401e-03 4.4803858e-02
3610.8223286630346 9.9729866e-01 1.3001304e-03 1.6909357e-03 1716023 1109.09374 1515.29962 9.1240449e+03 1.1605688e+01 1.2694839e+03 3.6422136e+00 9.9518652e+03 1.2973768e+01 0 "" "" "" "" 1109.09374 9.9971518e-04 1515.29962 1.0082542e-03 5.4473598e-03 4.5845006e-02
3610.8237175674653 9.9505311e-01 1.2993112e-03 1.6909519e-03 1716024 1109.09282 1515.29862 9.1116094e+03 1.1598376e+01 1.2690618e+03 3.6404676e+00 9.9294570e+03 1.2965594e+01 0 "" "" "" "" 1109.09282 1.0006272e-03 1515.29862 1.0095960e-03 3.3936177e-03 4.5014922e-02
3610.825106471781 9.9722010e-01 1.2999761e-03 1.6909679e-03 1716025 1109.08925 1515.29782 9.1236221e+03 1.1604313e+01 1.2633330e+03 3.6364908e+00 9.9510811e+03 1.2972230e+01 0 "" "" "" "" 1109.08925 9.9920423e-04 1515.29782 1.0091059e-03 2.1645565e-04 4.4014663e-02
3610.8264953762123 9.9985284e-01 1.3016507e-03 1.6909841e-03 1716026 1109.09337 1515.29983 9.1475879e+03 1.1619260e+01 1.2666017e+03 3.6335239e+00 9.9773525e+03 1.2988939e+01 0 "" "" "" "" 1109.09337 9.9866791e-04 1515.29983 1.0076908e-03 3.7119018e-03 4.5201622e-02
3610.827884280527 9.9727547e-01 1.2999006e-03 1.6910002e-03 1716027 1109.08958 1515.29911 9.1234893e+03 1.1603639e+01 1.2654929e+03 3.6388590e+00 9.9516338e+03 1.2971476e+01 0 "" "" "" "" 1109.08958 9.9941110e-04 1515.29911 1.0080324e-03 1.7750330e-03 4.5520704e-02
3610.8292731848414 9.9593425e-01 1.3000156e-03 1.6910163e-03 1716028 1109.08984 1515.29850 9.1131396e+03 1.1604665e+01 1.2737430e+03 3.6482558e+00 9.9382500e+03 1.2972624e+01 0 "" "" "" "" 1109.08984 1.0017774e-03 1515.29850 1.0089667e-03 6.0200639e-04 4.5109816e-02
3610.830662089273 9.9931151e-01 1.3004809e-03 1.6910324e-03 1716029 1109.08975 1515.29604 9.1431289e+03 1.1608817e+01 1.2662266e+03 3.6305094e+00 9.9719512e+03 1.2977266e+01 0 "" "" "" "" 1109.08975 9.9741924e-04 1515.29604 1.0057271e-03 5.6608056e-04 4.2647913e-02
3610.8320509935893 9.9751025e-01 1.3007185e-03 1.6910485e-03 1716030 1109.08946 1515.29874 9.1323379e+03 1.1610939e+01 1.2721577e+03 3.6405342e+00 9.9539766e+03 1.2979638e+01 0 "" "" "" "" 1109.08946 9.9762296e-04 1515.29874 1.0068933e-03 2.7262622e-03 4.5505796e-02
3610.833439897904 9.9967170e-01 1.3017491e-03 1.6910646e-03 1716031 1109.09335 1515.30131 9.1547891e+03 1.1620139e+01 1.2649569e+03 3.6336882e+00 9.9755449e+03 1.2989923e+01 0 "" "" "" "" 1109.09335 9.9689397e-04 1515.30131 1.0076915e-03 3.6556099e-03 4.8084613e-02
3610.8348288022185 1.0001390e+00 1.3010394e-03 1.6910806e-03 1716032 1109.09308 1515.29932 9.1483525e+03 1.1613804e+01 1.2647883e+03 3.6310556e+00 9.9802080e+03 1.2982840e+01 0 "" "" "" "" 1109.09308 9.9817943e-04 1515.29932 1.0063129e-03 4.6115485e-03 4.6877939e-02
3610.836217706534 1.0001526e+00 1.3018149e-03 1.6910967e-03 1716033 1109.09300 1515.29583 9.1512637e+03 1.1620727e+01 1.2663315e+03 3.6323657e+00 9.9803438e+03 1.2990579e+01 0 "" "" "" "" 1109.09300 9.9674542e-04 1515.29583 1.0083176e-03 4.0759435e-03 4.5055389e-02
3610.837606610849 9.9660343e-01 1.3010016e-03 1.6911128e-03 1716034 1109.09054 1515.29778 9.1255928e+03 1.1613467e+01 1.2695897e+03 3.6467795e+00 9.9449277e+03 1.2982463e+01 0 "" "" "" "" 1109.09054 1.0022139e-03 1515.29778 1.0086212e-03 -1.9128311e-05 4.4298936e-02
3610.838995515164 1.0004064e+00 1.3004375e-03 1.6911288e-03 1716035 1109.09125 1515.30025 9.1501602e+03 1.1608431e+01 1.2601654e+03 3.6284583e+00 9.9828770e+03 1.2976833e+01 0 "" "" "" "" 1109.09125 9.9623378e-04 1515.30025 1.0054468e-03 2.3794121e-03 4.6232410e-02
3610.840384419478 9.9935156e-01 1.3011821e-03 1.6911449e-03 1716036 1109.09248 1515.30018 9.1476172e+03 1.1615078e+01 1.2635217e+03 3.6379833e+00 9.9723506e+03 1.2984263e+01 0 "" "" "" "" 1109.09248 9.9787896e-04 1515.30018 1.0065311e-03 4.0767784e-03 4.5758210e-02
3610.8417733237934 9.9484670e-01 1.2997476e-03 1.6911610e-03 1716037 1109.09192 1515.29915 9.1077568e+03 1.1602273e+01 1.2734985e+03 3.6451795e+00 9.9273975e+03 1.2969950e+01 0 "" "" "" "" 1109.09192 9.9999376e-04 1515.29915 1.0101735e-03 4.6368209e-03 4.7672115e-02
3610.84316222811 9.9526113e-01 1.2990935e-03 1.6911770e-03 1716038 1109.09383 1515.29720 9.1132383e+03 1.1596433e+01 1.2653412e+03 3.6373539e+00 9.9315332e+03 1.2963422e+01 0 "" "" "" "" 1109.09383 9.9893508e-04 1515.29720 1.0088253e-03 5.6110411e-03 4.3876678e-02
3610.8445511324244 9.9747705e-01 1.2999841e-03 1.6911931e-03 1716039 1109.09015 1515.29963 9.1318867e+03 1.1604383e+01 1.2653154e+03 3.6310744e+00 9.9536455e+03 1.2972308e+01 0 "" "" "" "" 1109.09015 9.9798269e-04 1515.29963 1.0074737e-03 1.3080335e-03 4.6145894e-02
3610.8459400367387 9.9526262e-01 1.2989165e-03 1.6912092e-03 1716040 1109.09413 1515.29740 9.1081895e+03 1.1594853e+01 1.2685773e+03 3.6347983e+00 9.9315479e+03 1.2961656e+01 0 "" "" "" "" 1109.09413 1.0000644e-03 1515.29740 1.0086965e-03 4.3338919e-03 4.5530681e-02
3610.847328940938 9.9718082e-01 1.3002034e-03 1.6912251e-03 1716041 1109.09243 1515.29781 9.1275215e+03 1.1606341e+01 1.2703264e+03 3.6394148e+00 9.9506895e+03 1.2974497e+01 0 "" "" "" "" 1109.09243 9.9966361e-04 1515.29781 1.0073275e-03 3.1443564e-03 4.5096099e-02
3610.848717845253 9.9568570e-01 1.2983120e-03 1.6912412e-03 1716042 1109.09366 1515.29824 9.1133809e+03 1.1589457e+01 1.2599478e+03 3.6279726e+00 9.9357695e+03 1.2955623e+01 0 "" "" "" "" 1109.09366 9.9881552e-04 1515.29824 1.0079759e-03 6.1706416e-03 4.5878600e-02
3610.8501067495677 9.9497312e-01 1.2985977e-03 1.6912572e-03 1716043 1109.09332 1515.29967 9.1065820e+03 1.1592007e+01 1.2661456e+03 3.6319637e+00 9.9286592e+03 1.2958474e+01 0 "" "" "" "" 1109.09332 1.0009113e-03 1515.29967 1.0084066e-03 4.9694697e-03 4.6034358e-02
3610.851495653766 9.9674869e-01 1.3000206e-03 1.6912732e-03 1716044 1109.09423 1515.30084 9.1253994e+03 1.1604709e+01 1.2720497e+03 3.6407754e+00 9.9463770e+03 1.2972673e+01 0 "" "" "" "" 1109.09423 9.9868013e-04 1515.30084 1.0081512e-03 5.2297735e-03 4.6846516e-02
3610.8528845580818 9.9628109e-01 1.2997279e-03 1.6912892e-03 1716045 1109.09277 1515.29866 9.1195547e+03 1.1602098e+01 1.2709408e+03 3.6394081e+00 9.9417109e+03 1.2969753e+01 0 "" "" "" "" 1109.09277 9.9969422e-04 1515.29866 1.0089785e-03 4.5066266e-03 4.5985043e-02
3610.8542734623975 9.9624515e-01 1.2994729e-03 1.6913053e-03 1716046 1109.09015 1515.29892 9.1228154e+03 1.1599820e+01 1.2677281e+03 3.6342132e+00 9.9413525e+03 1.2967208e+01 0 "" "" "" "" 1109.09015 9.9754124e-04 1515.29892 1.0075683e-03 1.7169486e-03 4.4087566e-02
3610.8556623665954 9.9743283e-01 1.3000800e-03 1.6913213e-03 1716047 1109.09244 1515.29685 9.1294629e+03 1.1605239e+01 1.2668484e+03 3.6340451e+00 9.9532041e+03 1.2973266e+01 0 "" "" "" "" 1109.09244 9.9800469e-04 1515.29685 1.0063562e-03 4.0352917e-03 4.3210488e-02
3610.85705127091 9.9486101e-01 1.2994533e-03 1.6913373e-03 1716048 1109.09560 1515.29955 9.1113193e+03 1.1599646e+01 1.2711294e+03 3.6389775e+00 9.9275400e+03 1.2967012e+01 0 "" "" "" "" 1109.09560 9.9929073e-04 1515.29955 1.0092349e-03 6.7741172e-03 4.7003891e-02
3610.858440175109 9.9520147e-01 1.2993221e-03 1.6913533e-03 1716049 1109.09245 1515.29919 9.1130596e+03 1.1598474e+01 1.2715771e+03 3.6412714e+00 9.9309375e+03 1.2965703e+01 0 "" "" "" "" 1109.09245 9.9948980e-04 1515.29919 1.0085175e-03 4.1610296e-03 4.5582641e-02
3610.8598290793075 9.9622363e-01 1.2995505e-03 1.6913692e-03 1716050 1109.09198 1515.29504 9.1192666e+03 1.1600513e+01 1.2648729e+03 3.6363518e+00 9.9411377e+03 1.2967982e+01 0 "" "" "" "" 1109.09198 9.9992554e-04 1515.29504 1.0087625e-03 3.7557539e-03 4.0667772e-02
3610.8612179836223 9.9934292e-01 1.3001069e-03 1.6913853e-03 1716051 1109.09288 1515.30185 9.1417412e+03 1.1605479e+01 1.2634060e+03 3.6320930e+00 9.9722646e+03 1.2973534e+01 0 "" "" "" "" 1109.09288 9.9773682e-04 1515.30185 1.0063191e-03 4.1456693e-03 5.0435551e-02
3610.8626068878207 9.9689460e-01 1.2999083e-03 1.6914012e-03 1716052 1109.09010 1515.29744 9.1208428e+03 1.1603706e+01 1.2662231e+03 3.6420741e+00 9.9478330e+03 1.2971553e+01 0 "" "" "" "" 1109.09010 9.9926221e-04 1515.29744 1.0079637e-03 1.8947432e-03 4.4073384e-02
3610.86399579202 9.9695891e-01 1.3001554e-03 1.6914172e-03 1716053 1109.09421 1515.29996 9.1250098e+03 1.1605912e+01 1.2687433e+03 3.6413887e+00 9.9484746e+03 1.2974018e+01 0 "" "" "" "" 1109.09421 9.9900411e-04 1515.29996 1.0076094e-03 6.8514524e-03 4.5322012e-02
3610.8653846962193 9.9750656e-01 1.3000718e-03 1.6914331e-03 1716054 1109.09146 1515.29660 9.1242881e+03 1.1605165e+01 1.2668926e+03 3.6345410e+00 9.9539395e+03 1.2973185e+01 0 "" "" "" "" 1109.09146 9.9937618e-04 1515.29660 1.0079251e-03 2.5348638e-03 4.3726161e-02
3610.866773600417 9.9769366e-01 1.3000485e-03 1.6914491e-03 1716055 1109.09362 1515.29924 9.1275605e+03 1.1604958e+01 1.2721951e+03 3.6371543e+00 9.9558066e+03 1.2972952e+01 0 "" "" "" "" 1109.09362 9.9903613e-04 1515.29924 1.0081817e-03 1.6298892e-03 4.4761557e-02
3610.8681625047316 9.9733007e-01 1.2998526e-03 1.6914651e-03 1716056 1109.09651 1515.30208 9.1296338e+03 1.1603209e+01 1.2649584e+03 3.6347749e+00 9.9521787e+03 1.2970997e+01 0 "" "" "" "" 1109.09651 9.9887827e-04 1515.30208 1.0077653e-03 6.7642601e-03 5.0525337e-02
3610.869551408931 9.9600375e-01 1.2995453e-03 1.6914811e-03 1716057 1109.08947 1515.29632 9.1182617e+03 1.1600466e+01 1.2665227e+03 3.6365516e+00 9.9389434e+03 1.2967930e+01 0 "" "" "" "" 1109.08947 1.0002954e-03 1515.29632 1.0077342e-03 1.0103544e-03 4.2673174e-02
3610.8709403131293 9.9662763e-01 1.2996716e-03 1.6914970e-03 1716058 1109.08912 1515.29802 9.1231201e+03 1.1601594e+01 1.2644692e+03 3.6305490e+00 9.9451689e+03 1.2969191e+01 0 "" "" "" "" 1109.08912 1.0004574e-03 1515.29802 1.0085721e-03 1.3381947e-03 4.3188490e-02
3610.8723292173277 9.9818259e-01 1.3004101e-03 1.6915130e-03 1716059 1109.09428 1515.29831 9.1319355e+03 1.1608187e+01 1.2685229e+03 3.6402981e+00 9.9606855e+03 1.2976561e+01 0 "" "" "" "" 1109.09428 9.9775114e-04 1515.29831 1.0085646e-03 6.0109068e-03 4.5748174e-02
3610.873718121526 9.9584061e-01 1.2996537e-03 1.6915289e-03 1716060 1109.09318 1515.29938 9.1180947e+03 1.1601435e+01 1.2710052e+03 3.6394353e+00 9.9373154e+03 1.2969012e+01 0 "" "" "" "" 1109.09318 1.0011639e-03 1515.29938 1.0088675e-03 5.1959632e-03 4.6429269e-02
3610.8751070257254 9.9801201e-01 1.3004831e-03 1.6915449e-03 1716061 1109.08829 1515.29819 9.1305439e+03 1.1608836e+01 1.2718408e+03 3.6369121e+00 9.9589834e+03 1.2977288e+01 0 "" "" "" "" 1109.08829 9.9791214e-04 1515.29819 1.0076944e-03 6.3412008e-04 4.3904755e-02
3610.8764959299247 9.9691850e-01 1.2999821e-03 1.6915608e-03 1716062 1109.09107 1515.30100 9.1223857e+03 1.1604365e+01 1.2705800e+03 3.6425691e+00 9.9480713e+03 1.2972289e+01 0 "" "" "" "" 1109.09107 9.9819549e-04 1515.30100 1.0077544e-03 4.6241581e-03 4.6374120e-02
3610.877884834006 9.9841362e-01 1.3010106e-03 1.6915767e-03 1716063 1109.09282 1515.30259 9.1402070e+03 1.1613546e+01 1.2750919e+03 3.6440296e+00 9.9629912e+03 1.2982553e+01 0 "" "" "" "" 1109.09282 9.9721353e-04 1515.30259 1.0070654e-03 4.6244236e-03 5.0330192e-02
3610.8792737382046 9.9586254e-01 1.3000114e-03 1.6915926e-03 1716064 1109.09173 1515.29988 9.1238242e+03 1.1604628e+01 1.2686930e+03 3.6383586e+00 9.9375342e+03 1.2972582e+01 0 "" "" "" "" 1109.09173 9.9937001e-04 1515.29988 1.0078227e-03 4.2232438e-03 4.4555433e-02
3610.8806626424034 9.9959457e-01 1.3017911e-03 1.6916086e-03 1716065 1109.09303 1515.30101 9.1462188e+03 1.1620513e+01 1.2677318e+03 3.6401215e+00 9.9747754e+03 1.2990340e+01 0 "" "" "" "" 1109.09303 9.9937199e-04 1515.30101 1.0083183e-03 4.4156541e-03 4.8515704e-02
3610.882051546602 9.9739152e-01 1.3008146e-03 1.6916245e-03 1716066 1109.09291 1515.29899 9.1312529e+03 1.1611797e+01 1.2738207e+03 3.6428566e+00 9.9527920e+03 1.2980597e+01 0 "" "" "" "" 1109.09291 9.9829119e-04 1515.29899 1.0086681e-03 3.1792740e-03 4.4011094e-02
3610.883440450684 9.9556434e-01 1.3012810e-03 1.6916404e-03 1716067 1109.09228 1515.30125 9.1162822e+03 1.1615960e+01 1.2785216e+03 3.6525652e+00 9.9345586e+03 1.2985250e+01 0 "" "" "" "" 1109.09228 1.0023003e-03 1515.30125 1.0103208e-03 4.7718505e-03 4.8173163e-02
3610.8848293548826 9.9826264e-01 1.3019198e-03 1.6916563e-03 1716068 1109.09528 1515.29809 9.1368066e+03 1.1621661e+01 1.2776127e+03 3.6509414e+00 9.9614844e+03 1.2991625e+01 0 "" "" "" "" 1109.09528 9.9952973e-04 1515.29809 1.0076471e-03 6.7278533e-03 4.4241786e-02
3610.886218258965 9.9608040e-01 1.3007731e-03 1.6916721e-03 1716069 1109.08912 1515.29805 9.1116113e+03 1.1611427e+01 1.2865724e+03 3.6586394e+00 9.9397080e+03 1.2980183e+01 0 "" "" "" "" 1109.08912 1.0013750e-03 1515.29805 1.0100598e-03 7.7865447e-04 4.5553897e-02
3610.8876071631644 9.9394470e-01 1.3007789e-03 1.6916881e-03 1716070 1109.09586 1515.30270 9.1115400e+03 1.1611479e+01 1.2915287e+03 3.6571136e+00 9.9183965e+03 1.2980241e+01 0 "" "" "" "" 1109.09586 1.0006656e-03 1515.30270 1.0102250e-03 8.4968181e-03 4.9795043e-02
3610.8889960673628 9.9863893e-01 1.3019337e-03 1.6917040e-03 1716071 1109.09355 1515.30072 9.1362285e+03 1.1621786e+01 1.2870758e+03 3.6517348e+00 9.9652393e+03 1.2991763e+01 0 "" "" "" "" 1109.09355 1.0003909e-03 1515.30072 1.0085615e-03 3.9490112e-03 4.6742957e-02
3610.8903849714447 9.9689335e-01 1.3024043e-03 1.6917199e-03 1716072 1109.09394 1515.29968 9.1239053e+03 1.1625987e+01 1.2986465e+03 3.6634510e+00 9.9478203e+03 1.2996460e+01 0 "" "" "" "" 1109.09394 1.0005407e-03 1515.29968 1.0117303e-03 6.2448015e-03 4.7740232e-02
3610.891773875643 9.9838573e-01 1.3035244e-03 1.6917358e-03 1716073 1109.09510 1515.30078 9.1338008e+03 1.1635986e+01 1.2981665e+03 3.6739070e+00 9.9627129e+03 1.3007637e+01 0 "" "" "" "" 1109.09510 1.0016152e-03 1515.30078 1.0109417e-03 6.4408435e-03 4.5885973e-02
3610.893162779725 9.9696553e-01 1.3044393e-03 1.6917516e-03 1716074 1109.08989 1515.29803 9.1282070e+03 1.1644153e+01 1.3124067e+03 3.6807523e+00 9.9485410e+03 1.3016767e+01 0 "" "" "" "" 1109.08989 1.0022963e-03 1515.29803 1.0122877e-03 8.0114976e-04 4.3672480e-02
3610.894551683807 9.9938786e-01 1.3055550e-03 1.6917675e-03 1716075 1109.09565 1515.30054 9.1517354e+03 1.1654112e+01 1.3120637e+03 3.6839132e+00 9.9727129e+03 1.3027900e+01 0 "" "" "" "" 1109.09565 1.0004994e-03 1515.30054 1.0104857e-03 8.8236965e-03 4.9078513e-02
3610.895940588006 9.9634051e-01 1.3043077e-03 1.6917834e-03 1716076 1109.09443 1515.29675 9.1235547e+03 1.1642978e+01 1.3177104e+03 3.6849644e+00 9.9423037e+03 1.3015453e+01 0 "" "" "" "" 1109.09443 1.0026197e-03 1515.29675 1.0136901e-03 4.7341431e-03 4.5722499e-02
3610.8973294920884 9.9393004e-01 1.3037696e-03 1.6917993e-03 1716077 1109.09254 1515.30213 9.0950176e+03 1.1638175e+01 1.3307540e+03 3.6978543e+00 9.9182500e+03 1.3010084e+01 0 "" "" "" "" 1109.09254 1.0049522e-03 1515.30213 1.0172847e-03 3.5303051e-03 4.7942229e-02
3610.8987183961713 9.9956608e-01 1.3072243e-03 1.6918151e-03 1716078 1109.09554 1515.29723 9.1523311e+03 1.1669014e+01 1.3282683e+03 3.6991844e+00 9.9744912e+03 1.3044558e+01 0 "" "" "" "" 1109.09554 1.0028507e-03 1515.29723 1.0130595e-03 7.4950350e-03 4.2380657e-02
3610.9001073002532 9.9619514e-01 1.3059223e-03 1.6918309e-03 1716079 1109.09255 1515.29887 9.1174756e+03 1.1657390e+01 1.3410873e+03 3.7073932e+00 9.9408535e+03 1.3031565e+01 0 "" "" "" "" 1109.09255 1.0060618e-03 1515.29887 1.0143188e-03 4.5549353e-03 4.7424141e-02
3610.9014962044516 9.9614161e-01 1.3078162e-03 1.6918469e-03 1716080 1109.09301 1515.29769 9.1132734e+03 1.1674298e+01 1.3522205e+03 3.7220683e+00 9.9403193e+03 1.3050465e+01 0 "" "" "" "" 1109.09301 1.0084626e-03 1515.29769 1.0173547e-03 3.7695591e-03 4.7198243e-02
3610.9028851085336 9.9400681e-01 1.3070937e-03 1.6918627e-03 1716081 1109.09263 1515.30002 9.1009336e+03 1.1667848e+01 1.3630089e+03 3.7246494e+00 9.9190166e+03 1.3043254e+01 0 "" "" "" "" 1109.09263 1.0090109e-03 1515.30002 1.0170874e-03 3.7251748e-03 4.5289584e-02
3610.9042740126156 9.9522758e-01 1.3080160e-03 1.6918785e-03 1716082 1109.09544 1515.30230 9.1105479e+03 1.1676081e+01 1.3693802e+03 3.7316468e+00 9.9311982e+03 1.3052458e+01 0 "" "" "" "" 1109.09544 1.0081998e-03 1515.30230 1.0190356e-03 7.2276541e-03 4.7746841e-02
3610.9056629166976 9.9620396e-01 1.3095925e-03 1.6918944e-03 1716083 1109.08986 1515.29968 9.1159199e+03 1.1690152e+01 1.3801160e+03 3.7436717e+00 9.9409414e+03 1.3068190e+01 0 "" "" "" "" 1109.08986 1.0087193e-03 1515.29968 1.0195877e-03 5.0822599e-03 4.4783138e-02
3610.90705182078 9.9606061e-01 1.3099138e-03 1.6919102e-03 1716084 1109.09201 1515.29892 9.1119844e+03 1.1693021e+01 1.3886329e+03 3.7511306e+00 9.9395107e+03 1.3071396e+01 0 "" "" "" "" 1109.09201 1.0105073e-03 1515.29892 1.0197409e-03 2.2797796e-03 4.6468165e-02
3610.9084407248624 9.9863315e-01 1.3124093e-03 1.6919260e-03 1716085 1109.09430 1515.29971 9.1433115e+03 1.1715298e+01 1.3955983e+03 3.7574592e+00 9.9651816e+03 1.3096297e+01 0 "" "" "" "" 1109.09430 1.0081406e-03 1515.29971 1.0192131e-03 7.4295886e-03 4.6891365e-02
3610.9098296289453 9.9738657e-01 1.3128103e-03 1.6919419e-03 1716086 1109.09527 1515.29822 9.1247393e+03 1.1718877e+01 1.4097623e+03 3.7711818e+00 9.9527422e+03 1.3100300e+01 0 "" "" "" "" 1109.09527 1.0114451e-03 1515.29822 1.0219055e-03 6.8119713e-03 4.4941209e-02
3610.9112185330277 9.9786752e-01 1.3138280e-03 1.6919577e-03 1716087 1109.09146 1515.29827 9.1314141e+03 1.1727962e+01 1.4224131e+03 3.7807324e+00 9.9575420e+03 1.3110456e+01 0 "" "" "" "" 1109.09146 1.0109548e-03 1515.29827 1.0222704e-03 1.8916270e-03 4.4724941e-02
3610.9126074371097 9.9776214e-01 1.3143847e-03 1.6919735e-03 1716088 1109.09428 1515.29717 9.1274648e+03 1.1732931e+01 1.4300748e+03 3.7915695e+00 9.9564902e+03 1.3116011e+01 0 "" "" "" "" 1109.09428 1.0126060e-03 1515.29717 1.0230392e-03 4.3912814e-03 4.4732314e-02
3610.9139963411913 9.9714297e-01 1.3160360e-03 1.6919894e-03 1716089 1109.09271 1515.29901 9.1213281e+03 1.1747671e+01 1.4488510e+03 3.8095548e+00 9.9503115e+03 1.3132487e+01 0 "" "" "" "" 1109.09271 1.0144652e-03 1515.29901 1.0245562e-03 5.8748564e-03 4.5259725e-02
3610.915385245157 9.9574369e-01 1.3157763e-03 1.6920051e-03 1716090 1109.09461 1515.29945 9.1051865e+03 1.1745353e+01 1.4577343e+03 3.8178067e+00 9.9363486e+03 1.3129896e+01 0 "" "" "" "" 1109.09461 1.0166157e-03 1515.29945 1.0277600e-03 5.1045087e-03 4.7188729e-02
3610.916774149239 9.9621266e-01 1.3172434e-03 1.6920209e-03 1716091 1109.09322 1515.29965 9.1142744e+03 1.1758450e+01 1.4710695e+03 3.8268831e+00 9.9410283e+03 1.3144537e+01 0 "" "" "" "" 1109.09322 1.0179130e-03 1515.29965 1.0269339e-03 3.3436175e-03 4.7044050e-02
3610.9181630533217 9.9698687e-01 1.3190267e-03 1.6920367e-03 1716092 1109.09545 1515.30089 9.1240703e+03 1.1774367e+01 1.4807797e+03 3.8366604e+00 9.9487539e+03 1.3162332e+01 0 "" "" "" "" 1109.09545 1.0165597e-03 1515.30089 1.0290147e-03 5.8564628e-03 4.8991702e-02
3610.9195519574037 9.9711084e-01 1.3195504e-03 1.6920526e-03 1716093 1109.09163 1515.29853 9.1150518e+03 1.1779043e+01 1.4941301e+03 3.8587301e+00 9.9499912e+03 1.3167558e+01 0 "" "" "" "" 1109.09163 1.0196106e-03 1515.29853 1.0282589e-03 3.0619688e-03 4.4520497e-02
3610.92094086137 9.9744701e-01 1.3214647e-03 1.6920683e-03 1716094 1109.09548 1515.30462 9.1233115e+03 1.1796130e+01 1.5119900e+03 3.8698523e+00 9.9533457e+03 1.3186660e+01 0 "" "" "" "" 1109.09548 1.0186259e-03 1515.30462 1.0308466e-03 8.8619273e-03 5.3664684e-02
3610.9223297654526 9.9970287e-01 1.3239692e-03 1.6920841e-03 1716095 1109.09377 1515.29641 9.1398525e+03 1.1818487e+01 1.5297520e+03 3.8813462e+00 9.9758564e+03 1.3211652e+01 0 "" "" "" "" 1109.09377 1.0221531e-03 1515.29641 1.0314813e-03 5.0607589e-03 4.3709721e-02
3610.9237186695345 9.9744499e-01 1.3246705e-03 1.6921000e-03 1716096 1109.09472 1515.30188 9.1234551e+03 1.1824748e+01 1.5450850e+03 3.8978713e+00 9.9533252e+03 1.3218651e+01 0 "" "" "" "" 1109.09472 1.0219392e-03 1515.30188 1.0343898e-03 5.6854314e-03 5.0524727e-02
3610.9251075734996 9.9757677e-01 1.3260340e-03 1.6921157e-03 1716097 1109.09307 1515.29676 9.1231855e+03 1.1836920e+01 1.5619539e+03 3.9189711e+00 9.9546406e+03 1.3232256e+01 0 "" "" "" "" 1109.09307 1.0225327e-03 1515.29676 1.0353990e-03 5.8218474e-03 4.3912385e-02
3610.9264964775825 9.9740338e-01 1.3267798e-03 1.6921315e-03 1716098 1109.09468 1515.30089 9.1200361e+03 1.1843576e+01 1.5753176e+03 3.9242320e+00 9.9529102e+03 1.3239698e+01 0 "" "" "" "" 1109.09468 1.0244810e-03 1515.30089 1.0362731e-03 6.0571646e-03 4.8241265e-02
3610.927885381548 9.9945980e-01 1.3287888e-03 1.6921472e-03 1716099 1109.09595 1515.29816 9.1332910e+03 1.1861511e+01 1.5883594e+03 3.9363012e+00 9.9734307e+03 1.3259747e+01 0 "" "" "" "" 1109.09595 1.0261510e-03 1515.29816 1.0374279e-03 7.4142115e-03 4.6545051e-02
3610.92927428563 9.9856412e-01 1.3313337e-03 1.6921631e-03 1716100 1109.09707 1515.30109 9.1352529e+03 1.1884227e+01 1.6122958e+03 3.9569926e+00 9.9644932e+03 1.3285140e+01 0 "" "" "" "" 1109.09707 1.0279870e-03 1515.30109 1.0400743e-03 7.8693042e-03 4.7955949e-02
3610.9306631895956 9.9885869e-01 1.3321532e-03 1.6921788e-03 1716101 1109.09395 1515.29961 9.1270713e+03 1.1891541e+01 1.6313401e+03 3.9782629e+00 9.9674326e+03 1.3293319e+01 0 "" "" "" "" 1109.09395 1.0290353e-03 1515.29961 1.0417106e-03 4.5489310e-03 4.6491075e-02
3610.9320520936785 9.9770647e-01 1.3330135e-03 1.6921946e-03 1716102 1109.09456 1515.29793 9.1256113e+03 1.1899222e+01 1.6452449e+03 3.9896686e+00 9.9559346e+03 1.3301904e+01 0 "" "" "" "" 1109.09456 1.0321591e-03 1515.29793 1.0426183e-03 6.2852735e-03 4.4911236e-02
3610.9334409976445 9.9608231e-01 1.3348943e-03 1.6922103e-03 1716103 1109.09691 1515.29664 9.1062969e+03 1.1916012e+01 1.6735853e+03 4.0134215e+00 9.9397275e+03 1.3320672e+01 0 "" "" "" "" 1109.09691 1.0336363e-03 1515.29664 1.0478355e-03 7.6027252e-03 4.4804677e-02
3610.93482990161 9.9882126e-01 1.3377944e-03 1.6922260e-03 1716104 1109.09394 1515.30132 9.1322070e+03 1.1941898e+01 1.6932242e+03 4.0292206e+00 9.9670586e+03 1.3349610e+01 0 "" "" "" "" 1109.09394 1.0346713e-03 1515.30132 1.0460883e-03 4.5285667e-03 4.6553247e-02
3610.936218805575 1.0006826e+00 1.3401173e-03 1.6922418e-03 1716105 1109.09502 1515.30056 9.1422734e+03 1.1962635e+01 1.7066174e+03 4.0458851e+00 9.9856328e+03 1.3372791e+01 0 "" "" "" "" 1109.09502 1.0360754e-03 1515.30056 1.0493975e-03 2.9777267e-03 4.6849392e-02
3610.937607709658 9.9814713e-01 1.3408551e-03 1.6922576e-03 1716106 1109.09789 1515.30191 9.1212461e+03 1.1969220e+01 1.7280919e+03 4.0645938e+00 9.9603320e+03 1.3380154e+01 0 "" "" "" "" 1109.09789 1.0388318e-03 1515.30191 1.0519180e-03 9.6074687e-03 5.1135100e-02
3610.9389966136237 9.9580252e-01 1.3416659e-03 1.6922733e-03 1716107 1109.09429 1515.29785 9.1053848e+03 1.1976458e+01 1.7523865e+03 4.0898566e+00 9.9369355e+03 1.3388244e+01 0 "" "" "" "" 1109.09429 1.0416741e-03 1515.29785 1.0548506e-03 6.9755726e-03 4.4965059e-02
3610.940385517589 9.9969524e-01 1.3453023e-03 1.6922890e-03 1716108 1109.09563 1515.30134 9.1365342e+03 1.2008919e+01 1.7788907e+03 4.1086998e+00 9.9757803e+03 1.3424531e+01 0 "" "" "" "" 1109.09563 1.0410442e-03 1515.30134 1.0536331e-03 5.8347997e-03 4.8063383e-02
3610.941774421555 9.9805093e-01 1.3467390e-03 1.6923047e-03 1716109 1109.09309 1515.29851 9.1251992e+03 1.2021744e+01 1.8028115e+03 4.1268644e+00 9.9593721e+03 1.3438868e+01 0 "" "" "" "" 1109.09309 1.0429933e-03 1515.29851 1.0570362e-03 5.6190561e-03 4.5444597e-02
3610.9431633255213 9.9686730e-01 1.3486566e-03 1.6923205e-03 1716110 1109.09590 1515.30077 9.1107920e+03 1.2038861e+01 1.8192104e+03 4.1401262e+00 9.9475605e+03 1.3458003e+01 0 "" "" "" "" 1109.09590 1.0476682e-03 1515.30077 1.0633363e-03 3.6611934e-03 4.7498263e-02
3610.9445522296037 9.9631602e-01 1.3490021e-03 1.6923363e-03 1716111 1109.09440 1515.29940 9.1065947e+03 1.2041945e+01 1.8398223e+03 4.1606731e+00 9.9420596e+03 1.3461451e+01 0 "" "" "" "" 1109.09440 1.0475665e-03 1515.29940 1.0602262e-03 8.3801327e-03 4.6812505e-02
3610.9459411335692 9.9911690e-01 1.3528829e-03 1.6923520e-03 1716112 1109.09667 1515.29946 9.1314824e+03 1.2076588e+01 1.8674374e+03 4.1888528e+00 9.9700088e+03 1.3500177e+01 0 "" "" "" "" 1109.09667 1.0484810e-03 1515.29946 1.0619239e-03 6.8985699e-03 4.7639728e-02
3610.9473300375344 9.9995315e-01 1.3547172e-03 1.6923677e-03 1716113 1109.09676 1515.30257 9.1365029e+03 1.2092961e+01 1.8914170e+03 4.2047305e+00 9.9783535e+03 1.3518480e+01 0 "" "" "" "" 1109.09676 1.0501774e-03 1515.30257 1.0627260e-03 7.3766313e-03 4.9492683e-02
3610.948718941501 9.9674165e-01 1.3562584e-03 1.6923834e-03 1716114 1109.09658 1515.30470 9.1092793e+03 1.2106719e+01 1.9222288e+03 4.2285619e+00 9.9463066e+03 1.3533860e+01 0 "" "" "" "" 1109.09658 1.0533629e-03 1515.30470 1.0680142e-03 7.9603689e-03 5.0447911e-02
3610.9501078454664 9.9989939e-01 1.3599467e-03 1.6923991e-03 1716115 1109.09248 1515.29463 9.1383584e+03 1.2139642e+01 1.9437186e+03 4.2501884e+00 9.9778174e+03 1.3570664e+01 0 "" "" "" "" 1109.09248 1.0544554e-03 1515.29463 1.0689109e-03 3.4435177e-03 4.1854985e-02
3610.951496749432 9.9870646e-01 1.3610332e-03 1.6924149e-03 1716116 1109.09670 1515.30040 9.1319043e+03 1.2149341e+01 1.9702969e+03 4.2678514e+00 9.9659131e+03 1.3581507e+01 0 "" "" "" "" 1109.09670 1.0555419e-03 1515.30040 1.0706485e-03 7.4431752e-03 4.6868764e-02
3610.9528856533975 9.9715656e-01 1.3622863e-03 1.6924306e-03 1716117 1109.09665 1515.29931 9.1181924e+03 1.2160528e+01 1.9899271e+03 4.2870941e+00 9.9504473e+03 1.3594011e+01 0 "" "" "" "" 1109.09665 1.0599201e-03 1515.29931 1.0741174e-03 6.8969391e-03 4.5687582e-02
3610.9542745572476 9.9949706e-01 1.3663443e-03 1.6924462e-03 1716118 1109.09610 1515.30042 9.1370723e+03 1.2196751e+01 2.0200128e+03 4.3134770e+00 9.9738027e+03 1.3634505e+01 0 "" "" "" "" 1109.09610 1.0596885e-03 1515.30042 1.0757233e-03 6.4619058e-03 4.7934555e-02
3610.955663461214 "" 1.3686847e-03 1.6924619e-03 1716119 1109.09649 1515.30292 9.1451270e+03 1.2217643e+01 2.0479255e+03 4.3326793e+00 9.9852119e+03 1.3657860e+01 0 "" "" "" "" 1109.09649 1.0632433e-03 1515.30292 1.0779297e-03 5.8266912e-03 4.9860280e-02
