time flux flux_err timecorr cadenceno centroid_col centroid_row sap_flux sap_flux_err sap_bkg sap_bkg_err pdcsap_flux pdcsap_flux_err quality psf_centr1 psf_centr1_err psf_centr2 psf_centr2_err mom_centr1 mom_centr1_err mom_centr2 mom_centr2_err pos_corr1 pos_corr2
1790.658437481755 1.0020505e+00 1.2786705e-03 1.7984251e-03 405505 1569.35125 1320.89624 9.3004102e+03 1.1624926e+01 1.1888535e+03 3.5940523e+00 1.0360905e+04 1.3221074e+01 0 "" "" "" "" 1569.35125 9.1060769e-04 1320.89624 9.8017580e-04 3.2005791e-02 -6.9978632e-02
1790.659826387636 1.0011185e+00 1.2783331e-03 1.7984427e-03 405506 1569.34745 1320.88390 9.2970645e+03 1.1626107e+01 1.1888801e+03 3.5916173e+00 1.0355054e+04 1.3222418e+01 0 "" "" "" "" 1569.34745 9.1134786e-04 1320.88390 9.7920396e-04 2.5630200e-02 -8.4124453e-02
1790.6612152936345 1.0004371e+00 1.2783903e-03 1.7984604e-03 405507 1569.35095 1320.89172 9.2903682e+03 1.1627282e+01 1.1992025e+03 3.6020510e+00 1.0348590e+04 1.3223755e+01 0 "" "" "" "" 1569.35095 9.1117818e-04 1320.89172 9.8146487e-04 3.1353790e-02 -7.5098932e-02
1790.662604199517 1.0033103e+00 1.2786296e-03 1.7984780e-03 405508 1569.35279 1320.89379 9.2937783e+03 1.1630312e+01 1.1980841e+03 3.6020174e+00 1.0379069e+04 1.3227200e+01 0 "" "" "" "" 1569.35279 9.1330340e-04 1320.89379 9.8465255e-04 3.2533862e-02 -7.0436083e-02
1790.663993105399 1.0022130e+00 1.2791133e-03 1.7984955e-03 405509 1569.34357 1320.87900 9.3014043e+03 1.1635360e+01 1.1932662e+03 3.6091232e+00 1.0368296e+04 1.3232941e+01 0 "" "" "" "" 1569.34357 9.1131567e-04 1320.87900 9.8132249e-04 2.2089018e-02 -8.9852713e-02
1790.6653820112804 9.9937373e-01 1.2778388e-03 1.7985131e-03 405510 1569.35034 1320.89116 9.2860430e+03 1.1624645e+01 1.1933787e+03 3.5996277e+00 1.0339704e+04 1.3220756e+01 0 "" "" "" "" 1569.35034 9.1094355e-04 1320.89116 9.7967184e-04 3.0954640e-02 -7.4986175e-02
1790.6667709171613 1.0023243e+00 1.2786972e-03 1.7985307e-03 405511 1569.34871 1320.89224 9.3133809e+03 1.1635158e+01 1.1944841e+03 3.5975947e+00 1.0372644e+04 1.3232712e+01 0 "" "" "" "" 1569.34871 9.0916536e-04 1320.89224 9.7896392e-04 2.8461447e-02 -7.4684441e-02
1790.6681598230432 1.0011119e+00 1.2787902e-03 1.7985483e-03 405512 1569.34760 1320.88528 9.3000127e+03 1.1637174e+01 1.1990419e+03 3.6042390e+00 1.0361136e+04 1.3235003e+01 0 "" "" "" "" 1569.34760 9.1298157e-04 1320.88528 9.8018604e-04 2.6658649e-02 -8.0512777e-02
1790.6695487289253 1.0033233e+00 1.2789414e-03 1.7985658e-03 405513 1569.34761 1320.89178 9.3161641e+03 1.1638851e+01 1.1942754e+03 3.5985496e+00 1.0384293e+04 1.3236911e+01 0 "" "" "" "" 1569.34761 9.0864167e-04 1320.89178 9.8203332e-04 2.8230019e-02 -7.5388201e-02
1790.6709376348065 1.0017521e+00 1.2793897e-03 1.7985834e-03 405514 1569.34816 1320.89128 9.3119473e+03 1.1643900e+01 1.2039104e+03 3.6141875e+00 1.0368895e+04 1.3242654e+01 0 "" "" "" "" 1569.34816 9.0981874e-04 1320.89128 9.7906590e-04 2.9397769e-02 -7.4253120e-02
1790.6723265406883 1.0018911e+00 1.2804513e-03 1.7986010e-03 405515 1569.34895 1320.88910 9.3090908e+03 1.1653689e+01 1.1976184e+03 3.6104407e+00 1.0370446e+04 1.3253788e+01 0 "" "" "" "" 1569.34895 9.1056433e-04 1320.88910 9.8327675e-04 2.9200887e-02 -7.7014439e-02
1790.6737154465702 1.0030907e+00 1.2788534e-03 1.7986186e-03 405516 1569.34647 1320.88752 9.3217432e+03 1.1640448e+01 1.1908531e+03 3.6052299e+00 1.0384025e+04 1.3238727e+01 0 "" "" "" "" 1569.34647 9.0851658e-04 1320.88752 9.7697705e-04 2.5077010e-02 -7.8946806e-02
1790.675104352452 1.0009198e+00 1.2770100e-03 1.7986362e-03 405517 1569.35295 1320.89479 9.3005674e+03 1.1625501e+01 1.1910205e+03 3.5986335e+00 1.0363186e+04 1.3221728e+01 0 "" "" "" "" 1569.35295 9.0899196e-04 1320.89479 9.8054809e-04 3.2864455e-02 -6.8691604e-02
1790.676493258334 1.0017965e+00 1.2778905e-03 1.7986537e-03 405518 1569.34925 1320.88897 9.3065547e+03 1.1635082e+01 1.1960256e+03 3.6020865e+00 1.0373656e+04 1.3232625e+01 0 "" "" "" "" 1569.34925 9.1018796e-04 1320.88897 9.8008139e-04 2.8729955e-02 -7.9711020e-02
1790.6778821642154 1.0008056e+00 1.2772204e-03 1.7986713e-03 405519 1569.34709 1320.88573 9.2994248e+03 1.1629552e+01 1.1928453e+03 3.5987022e+00 1.0363904e+04 1.3226336e+01 0 "" "" "" "" 1569.34709 9.1208279e-04 1320.88573 9.7928056e-04 2.5340715e-02 -8.1105292e-02
1790.6792710699801 9.9905384e-01 1.2761496e-03 1.7986888e-03 405520 1569.34725 1320.89281 9.2832021e+03 1.1620273e+01 1.1929655e+03 3.5961745e+00 1.0346184e+04 1.3215782e+01 0 "" "" "" "" 1569.34725 9.1143645e-04 1320.89281 9.8187593e-04 2.5881408e-02 -7.1081161e-02
1790.6806599758622 1.0009273e+00 1.2776651e-03 1.7987064e-03 405521 1569.35045 1320.89065 9.3044258e+03 1.1634837e+01 1.1954811e+03 3.6018288e+00 1.0366267e+04 1.3232347e+01 0 "" "" "" "" 1569.35045 9.1074861e-04 1320.89065 9.8023831e-04 3.0667316e-02 -7.6009184e-02
1790.6820488816281 1.0011978e+00 1.2777410e-03 1.7987238e-03 405522 1569.35187 1320.89096 9.3081709e+03 1.1636080e+01 1.1933328e+03 3.6000643e+00 1.0369560e+04 1.3233760e+01 0 "" "" "" "" 1569.35187 9.0976682e-04 1320.89096 9.7870722e-04 3.0842284e-02 -7.6620124e-02
1790.68343778751 1.0010204e+00 1.2774991e-03 1.7987414e-03 405523 1569.34845 1320.88860 9.3008789e+03 1.1634879e+01 1.1959210e+03 3.6018786e+00 1.0368616e+04 1.3232395e+01 0 "" "" "" "" 1569.34845 9.1033272e-04 1320.88860 9.8305300e-04 2.7315376e-02 -7.7886082e-02
1790.6848266933914 1.0026431e+00 1.2782329e-03 1.7987590e-03 405524 1569.35472 1320.89835 9.3186934e+03 1.1642003e+01 1.1946992e+03 3.6010773e+00 1.0385816e+04 1.3240496e+01 0 "" "" "" "" 1569.35472 9.0989692e-04 1320.89835 9.8222937e-04 3.4074802e-02 -6.8877928e-02
1790.686215599156 1.0014807e+00 1.2768558e-03 1.7987764e-03 405525 1569.35045 1320.88858 9.3072588e+03 1.1630424e+01 1.1929994e+03 3.5954685e+00 1.0374634e+04 1.3227326e+01 0 "" "" "" "" 1569.35045 9.1080280e-04 1320.88858 9.7908336e-04 2.9749908e-02 -7.7201702e-02
1790.687604504921 1.0007490e+00 1.2777976e-03 1.7987939e-03 405526 1569.34200 1320.88186 9.3039668e+03 1.1639157e+01 1.1934951e+03 3.6043231e+00 1.0367192e+04 1.3237260e+01 0 "" "" "" "" 1569.34200 9.1302663e-04 1320.88186 9.7978953e-04 1.9892273e-02 -8.5762300e-02
1790.6889934108035 1.0020461e+00 1.2774642e-03 1.7988115e-03 405527 1569.35372 1320.89815 9.3131904e+03 1.1636616e+01 1.1950663e+03 3.5995233e+00 1.0381072e+04 1.3234369e+01 0 "" "" "" "" 1569.35372 9.0996572e-04 1320.89815 9.8045834e-04 3.2983378e-02 -6.6493124e-02
1790.6903823165696 9.9932802e-01 1.2760776e-03 1.7988289e-03 405528 1569.34626 1320.88431 9.2900938e+03 1.1624826e+01 1.1945460e+03 3.5966394e+00 1.0353662e+04 1.3220961e+01 0 "" "" "" "" 1569.34626 9.0984406e-04 1320.88431 9.8097953e-04 2.6144087e-02 -8.3798677e-02
1790.6917712223346 1.0010328e+00 1.2767981e-03 1.7988464e-03 405529 1569.34837 1320.88723 9.3086953e+03 1.1631404e+01 1.1909048e+03 3.5917513e+00 1.0371338e+04 1.3228441e+01 0 "" "" "" "" 1569.34837 9.1112946e-04 1320.88723 9.7917067e-04 2.6572598e-02 -7.9671964e-02
1790.6931601282156 1.0009158e+00 1.2773047e-03 1.7988640e-03 405530 1569.34992 1320.89161 9.3044248e+03 1.1636237e+01 1.1968434e+03 3.6056869e+00 1.0370320e+04 1.3233939e+01 0 "" "" "" "" 1569.34992 9.1075816e-04 1320.89161 9.7929349e-04 3.1049786e-02 -7.2885633e-02
1790.6945490339806 1.0006225e+00 1.2777211e-03 1.7988815e-03 405531 1569.34929 1320.89061 9.3013203e+03 1.1640113e+01 1.1941665e+03 3.6159065e+00 1.0367355e+04 1.3238347e+01 0 "" "" "" "" 1569.34929 9.1239827e-04 1320.89061 9.8217768e-04 2.7795250e-02 -7.6689057e-02
1790.695937939746 1.0017600e+00 1.2771597e-03 1.7988989e-03 405532 1569.34985 1320.89176 9.3102695e+03 1.1635257e+01 1.1924103e+03 3.5994186e+00 1.0379372e+04 1.3232824e+01 0 "" "" "" "" 1569.34985 9.0980891e-04 1320.89176 9.8026171e-04 2.8229091e-02 -7.3912896e-02
1790.6973268455115 1.0013014e+00 1.2770485e-03 1.7989164e-03 405533 1569.34973 1320.89039 9.2970342e+03 1.1635257e+01 1.1955746e+03 3.6072304e+00 1.0375522e+04 1.3232824e+01 0 "" "" "" "" 1569.34973 9.1139897e-04 1320.89039 9.8440878e-04 2.6964327e-02 -7.6387078e-02
1790.698715751277 1.0026691e+00 1.2778449e-03 1.7989338e-03 405534 1569.35211 1320.89294 9.3210889e+03 1.1642663e+01 1.1894926e+03 3.5909784e+00 1.0389829e+04 1.3241247e+01 0 "" "" "" "" 1569.35211 9.0952311e-04 1320.89294 9.8192785e-04 3.0123942e-02 -7.4470468e-02
1790.7001046570424 1.0016063e+00 1.2771739e-03 1.7989513e-03 405535 1569.34704 1320.88585 9.3075732e+03 1.1637300e+01 1.1988352e+03 3.6034269e+00 1.0379485e+04 1.3235147e+01 0 "" "" "" "" 1569.34704 9.1102161e-04 1320.88585 9.8069326e-04 2.4470318e-02 -8.0940485e-02
1790.7014935628074 9.9931997e-01 1.2756038e-03 1.7989688e-03 405536 1569.35045 1320.89040 9.2910146e+03 1.1623205e+01 1.1911466e+03 3.5976634e+00 1.0355981e+04 1.3219118e+01 0 "" "" "" "" 1569.35045 9.1021217e-04 1320.89040 9.8158955e-04 2.7568031e-02 -7.6413386e-02
1790.7028824685729 1.0023432e+00 1.2766951e-03 1.7989862e-03 405537 1569.35118 1320.88891 9.3166807e+03 1.1633216e+01 1.1887913e+03 3.5934165e+00 1.0387370e+04 1.3230503e+01 0 "" "" "" "" 1569.35118 9.0915331e-04 1320.88891 9.8088826e-04 2.8957745e-02 -7.7820614e-02
1790.7042713743383 1.0017805e+00 1.2769137e-03 1.7990037e-03 405538 1569.35241 1320.89276 9.3131953e+03 1.1635317e+01 1.1907211e+03 3.5960398e+00 1.0381638e+04 1.3232893e+01 0 "" "" "" "" 1569.35241 9.0937386e-04 1320.89276 9.7922015e-04 3.2408785e-02 -7.5600691e-02
1790.7056602801028 9.9946719e-01 1.2751840e-03 1.7990211e-03 405539 1569.34980 1320.89563 9.2815322e+03 1.1619987e+01 1.1948240e+03 3.5959847e+00 1.0358047e+04 1.3215457e+01 0 "" "" "" "" 1569.34980 9.1385684e-04 1320.89563 9.8318921e-04 2.7746473e-02 -7.1776986e-02
1790.7070491858685 1.0018101e+00 1.2761586e-03 1.7990386e-03 405540 1569.34815 1320.88521 9.3113838e+03 1.1628901e+01 1.1852714e+03 3.5890644e+00 1.0382357e+04 1.3225595e+01 0 "" "" "" "" 1569.34815 9.1079110e-04 1320.88521 9.7861269e-04 2.6878232e-02 -8.2166471e-02
1790.7084380916342 1.0004439e+00 1.2760172e-03 1.7990561e-03 405541 1569.34644 1320.88679 9.3003633e+03 1.1627611e+01 1.1911918e+03 3.6007864e+00 1.0368199e+04 1.3224129e+01 0 "" "" "" "" 1569.34644 9.1035996e-04 1320.88679 9.7850652e-04 2.3652241e-02 -7.8717776e-02
1790.7098269972832 1.0023346e+00 1.2774041e-03 1.7990734e-03 405542 1569.35075 1320.89178 9.3168945e+03 1.1640594e+01 1.1943583e+03 3.6020916e+00 1.0388100e+04 1.3238894e+01 0 "" "" "" "" 1569.35075 9.1086095e-04 1320.89178 9.7798381e-04 2.7859749e-02 -7.4288175e-02
1790.7112159030487 1.0019277e+00 1.2765039e-03 1.7990909e-03 405543 1569.35079 1320.89319 9.3076465e+03 1.1632805e+01 1.1905000e+03 3.6034846e+00 1.0384254e+04 1.3230036e+01 0 "" "" "" "" 1569.35079 9.0981805e-04 1320.89319 9.8197244e-04 2.9374374e-02 -7.2464488e-02
1790.7126048088132 9.9993479e-01 1.2755853e-03 1.7991083e-03 405544 1569.35439 1320.89709 9.2942324e+03 1.1624434e+01 1.1900314e+03 3.5971875e+00 1.0363598e+04 1.3220514e+01 0 "" "" "" "" 1569.35439 9.1070606e-04 1320.89709 9.8013249e-04 3.3226285e-02 -6.8215206e-02
1790.7139937144618 1.0005188e+00 1.2767554e-03 1.7991257e-03 405545 1569.34703 1320.88560 9.3046436e+03 1.1635905e+01 1.1934540e+03 3.6022770e+00 1.0370371e+04 1.3233562e+01 0 "" "" "" "" 1569.34703 9.1144606e-04 1320.88560 9.7955659e-04 2.7011344e-02 -8.1145607e-02
1790.7153826202273 9.9956250e-01 1.2767768e-03 1.7991432e-03 405546 1569.34502 1320.88823 9.2881250e+03 1.1636300e+01 1.1988837e+03 3.6068561e+00 1.0360637e+04 1.3234011e+01 0 "" "" "" "" 1569.34502 9.1209193e-04 1320.88823 9.8415208e-04 2.3814049e-02 -7.8634135e-02
1790.7167715258772 1.0023383e+00 1.2772493e-03 1.7991605e-03 405547 1569.35225 1320.89145 9.3188457e+03 1.1640677e+01 1.1937905e+03 3.6020381e+00 1.0389471e+04 1.3238989e+01 0 "" "" "" "" 1569.35225 9.0969744e-04 1320.89145 9.7930944e-04 3.0114170e-02 -7.6776497e-02
1790.7181604316427 1.0004193e+00 1.2762974e-03 1.7991780e-03 405548 1569.34759 1320.89443 9.3007520e+03 1.1632263e+01 1.1957614e+03 3.6089659e+00 1.0369813e+04 1.3229419e+01 0 "" "" "" "" 1569.34759 9.1109565e-04 1320.89443 9.7988581e-04 2.5932530e-02 -7.0788674e-02
1790.7195493372908 9.9844623e-01 1.2741770e-03 1.7991953e-03 405549 1569.35011 1320.88821 9.2692393e+03 1.1613237e+01 1.1950491e+03 3.5968049e+00 1.0349629e+04 1.3207781e+01 0 "" "" "" "" 1569.35011 9.1344281e-04 1320.88821 9.8308735e-04 2.9131982e-02 -7.9587363e-02
1790.7209382430558 1.0007484e+00 1.2760409e-03 1.7992128e-03 405550 1569.35323 1320.89616 9.3018828e+03 1.1630226e+01 1.1925312e+03 3.6012993e+00 1.0373493e+04 1.3227102e+01 0 "" "" "" "" 1569.35323 9.1088610e-04 1320.89616 9.8078081e-04 3.3104811e-02 -7.0544370e-02
1790.722327148704 1.0014278e+00 1.2766467e-03 1.7992301e-03 405551 1569.34639 1320.88910 9.3096924e+03 1.1636072e+01 1.1965804e+03 3.5983205e+00 1.0380825e+04 1.3233751e+01 0 "" "" "" "" 1569.34639 9.0990751e-04 1320.88910 9.7780640e-04 2.5528869e-02 -7.7420875e-02
1790.723716054353 1.0008835e+00 1.2769725e-03 1.7992475e-03 405552 1569.34740 1320.89098 9.3086523e+03 1.1639179e+01 1.1907932e+03 3.5964644e+00 1.0375305e+04 1.3237285e+01 0 "" "" "" "" 1569.34740 9.1067527e-04 1320.89098 9.7930315e-04 2.5477821e-02 -7.5301059e-02
1790.7251049601193 1.0038580e+00 1.2776926e-03 1.7992649e-03 405553 1569.35293 1320.89738 9.3354121e+03 1.1645877e+01 1.1926694e+03 3.5997422e+00 1.0406260e+04 1.3244902e+01 0 "" "" "" "" 1569.35293 9.0797775e-04 1320.89738 9.7808486e-04 3.1794377e-02 -6.8724684e-02
1790.7264938657684 9.9905837e-01 1.2750805e-03 1.7992823e-03 405554 1569.34474 1320.88564 9.2940410e+03 1.1622796e+01 1.1829037e+03 3.5944912e+00 1.0357153e+04 1.3218652e+01 0 "" "" "" "" 1569.34474 9.1144926e-04 1320.88564 9.7883376e-04 2.3952240e-02 -8.2768917e-02
1790.727882771417 1.0009413e+00 1.2760359e-03 1.7992996e-03 405555 1569.34641 1320.88686 9.3025059e+03 1.1631816e+01 1.1924032e+03 3.5977833e+00 1.0376951e+04 1.3228910e+01 0 "" "" "" "" 1569.34641 9.1021432e-04 1320.88686 9.8352914e-04 2.5264675e-02 -7.8651778e-02
1790.729271677065 1.0010400e+00 1.2769003e-03 1.7993170e-03 405556 1569.34937 1320.89313 9.3102236e+03 1.1639878e+01 1.1911493e+03 3.5997000e+00 1.0378138e+04 1.3238080e+01 0 "" "" "" "" 1569.34937 9.0944837e-04 1320.89313 9.8264334e-04 2.8127711e-02 -7.2829425e-02
1790.730660582714 1.0001798e+00 1.2770110e-03 1.7993343e-03 405557 1569.34722 1320.88499 9.2979580e+03 1.1640926e+01 1.1897351e+03 3.6000934e+00 1.0369254e+04 1.3239271e+01 0 "" "" "" "" 1569.34722 9.1417262e-04 1320.88499 9.8550844e-04 2.3728566e-02 -8.0292724e-02
1790.7320494883631 1.0045356e+00 1.2780287e-03 1.7993517e-03 405558 1569.35343 1320.89974 9.3413955e+03 1.1650560e+01 1.1940016e+03 3.6028910e+00 1.0414732e+04 1.3250229e+01 0 "" "" "" "" 1569.35343 9.0854557e-04 1320.89974 9.7813073e-04 3.2767594e-02 -6.2057175e-02
1790.7334383941286 1.0047302e+00 1.2776877e-03 1.7993691e-03 405559 1569.34649 1320.88849 9.3314561e+03 1.1647744e+01 1.1971499e+03 3.6047251e+00 1.0417012e+04 1.3247025e+01 0 "" "" "" "" 1569.34649 9.0940803e-04 1320.88849 9.7901479e-04 2.6314376e-02 -7.7278644e-02
1790.7348272996614 1.0006714e+00 1.2758296e-03 1.7993863e-03 405560 1569.34922 1320.89235 9.3019902e+03 1.1631064e+01 1.1894941e+03 3.5991168e+00 1.0375160e+04 1.3228056e+01 0 "" "" "" "" 1569.34922 9.1077952e-04 1320.89235 9.8054286e-04 2.8175462e-02 -7.4656814e-02
1790.7362162053098 1.0001479e+00 1.2763196e-03 1.7994037e-03 405561 1569.35219 1320.88946 9.2970254e+03 1.1635640e+01 1.1963700e+03 3.5988188e+00 1.0369830e+04 1.3233259e+01 0 "" "" "" "" 1569.35219 9.1147190e-04 1320.88946 9.8485674e-04 3.1091793e-02 -7.7326700e-02
1790.7376051109588 9.9938190e-01 1.2753541e-03 1.7994210e-03 405562 1569.34878 1320.89152 9.2952490e+03 1.1627007e+01 1.1912405e+03 3.6028631e+00 1.0362038e+04 1.3223441e+01 0 "" "" "" "" 1569.34878 9.1078231e-04 1320.89152 9.8112889e-04 2.8037813e-02 -7.3087543e-02
1790.7389940166079 9.9947065e-01 1.2743635e-03 1.7994384e-03 405563 1569.35045 1320.88799 9.2796973e+03 1.1618053e+01 1.1936879e+03 3.5987790e+00 1.0363028e+04 1.3213259e+01 0 "" "" "" "" 1569.35045 9.1240980e-04 1320.88799 9.8195579e-04 2.8856732e-02 -8.0294028e-02
1790.7403829222565 1.0025047e+00 1.2766458e-03 1.7994557e-03 405564 1569.35154 1320.89401 9.3141484e+03 1.1638974e+01 1.1966025e+03 3.6000004e+00 1.0394587e+04 1.3237051e+01 0 "" "" "" "" 1569.35154 9.1122609e-04 1320.89401 9.8101376e-04 2.9322654e-02 -7.2008260e-02
1790.7417718279055 1.0011061e+00 1.2759330e-03 1.7994731e-03 405565 1569.34867 1320.89141 9.3022549e+03 1.1632746e+01 1.1910470e+03 3.5969052e+00 1.0380328e+04 1.3229969e+01 0 "" "" "" "" 1569.34867 9.1097213e-04 1320.89141 9.8124216e-04 2.7960388e-02 -7.3590204e-02
1790.7431607335545 9.9980921e-01 1.2750843e-03 1.7994904e-03 405566 1569.34671 1320.88189 9.2950332e+03 1.1625049e+01 1.1909287e+03 3.5950966e+00 1.0366916e+04 1.3221214e+01 0 "" "" "" "" 1569.34671 9.1129000e-04 1320.88189 9.8426361e-04 2.4868650e-02 -8.3879977e-02
1790.7445496390872 9.9951982e-01 1.2759306e-03 1.7995076e-03 405567 1569.35071 1320.89374 9.2989922e+03 1.1633167e+01 1.1923610e+03 3.5956919e+00 1.0364274e+04 1.3230448e+01 0 "" "" "" "" 1569.35071 9.1029488e-04 1320.89374 9.8198815e-04 3.0539807e-02 -7.3448956e-02
1790.7459385447362 1.0022589e+00 1.2765584e-03 1.7995250e-03 405568 1569.35044 1320.88819 9.3142168e+03 1.1639149e+01 1.1917097e+03 3.6036804e+00 1.0392907e+04 1.3237250e+01 0 "" "" "" "" 1569.35044 9.1171754e-04 1320.88819 9.8111655e-04 2.8612055e-02 -7.9804085e-02
1790.7473274503848 9.9928743e-01 1.2751714e-03 1.7995423e-03 405569 1569.34789 1320.89121 9.2922588e+03 1.1626589e+01 1.1939695e+03 3.5981791e+00 1.0362171e+04 1.3222965e+01 0 "" "" "" "" 1569.34789 9.1164676e-04 1320.89121 9.7996404e-04 2.6220940e-02 -7.4253559e-02
1790.7487163559165 9.9913383e-01 1.2750524e-03 1.7995596e-03 405570 1569.34811 1320.88844 9.2879053e+03 1.1625790e+01 1.1948405e+03 3.5988603e+00 1.0360832e+04 1.3222056e+01 0 "" "" "" "" 1569.34811 9.1231923e-04 1320.88844 9.8314858e-04 2.6949484e-02 -7.8100875e-02
1790.750105261565 9.9817234e-01 1.2749223e-03 1.7995769e-03 405571 1569.34713 1320.89058 9.2822744e+03 1.1624615e+01 1.1991937e+03 3.6045268e+00 1.0350871e+04 1.3220719e+01 0 "" "" "" "" 1569.34713 9.1220113e-04 1320.89058 9.8176033e-04 2.6546326e-02 -7.6371461e-02
1790.7514941670981 1.0011520e+00 1.2758551e-03 1.7995941e-03 405572 1569.34626 1320.88761 9.3067588e+03 1.1633126e+01 1.1925273e+03 3.5997074e+00 1.0381776e+04 1.3230400e+01 0 "" "" "" "" 1569.34626 9.1033237e-04 1320.88761 9.8113844e-04 2.6315942e-02 -7.8302816e-02
1790.752883072748 1.0017263e+00 1.2764279e-03 1.7996115e-03 405573 1569.35337 1320.89605 9.3129199e+03 1.1638349e+01 1.1919742e+03 3.6002038e+00 1.0387731e+04 1.3236341e+01 0 "" "" "" "" 1569.35337 9.1105880e-04 1320.89605 9.7899919e-04 3.1809427e-02 -6.8728447e-02
1790.7542719782803 1.0022054e+00 1.2764997e-03 1.7996287e-03 405574 1569.35089 1320.88847 9.3205752e+03 1.1639172e+01 1.1912189e+03 3.5977061e+00 1.0392850e+04 1.3237277e+01 0 "" "" "" "" 1569.35089 9.0893049e-04 1320.88847 9.7731373e-04 3.0162683e-02 -7.8377567e-02
1790.755660883812 9.9975103e-01 1.2754963e-03 1.7996460e-03 405575 1569.34693 1320.88844 9.3002002e+03 1.1630371e+01 1.1946190e+03 3.5991695e+00 1.0367708e+04 1.3227267e+01 0 "" "" "" "" 1569.34693 9.1069413e-04 1320.88844 9.7990257e-04 2.4903614e-02 -7.7805698e-02
1790.7570497894606 1.0024852e+00 1.2767867e-03 1.7996633e-03 405576 1569.34889 1320.89285 9.3267812e+03 1.1642170e+01 1.1909706e+03 3.6028810e+00 1.0396093e+04 1.3240685e+01 0 "" "" "" "" 1569.34889 9.0903457e-04 1320.89285 9.7768765e-04 2.8004615e-02 -7.2417289e-02
1790.7584386949932 1.0006347e+00 1.2755279e-03 1.7996805e-03 405577 1569.35243 1320.89285 9.3088164e+03 1.1630749e+01 1.1894490e+03 3.5918531e+00 1.0376952e+04 1.3227696e+01 0 "" "" "" "" 1569.35243 9.0929371e-04 1320.89285 9.7963260e-04 3.2279179e-02 -7.1912140e-02
1790.7598276005263 1.0053631e+00 1.2786041e-03 1.7996978e-03 405578 1569.34822 1320.89060 9.3495996e+03 1.1658799e+01 1.1935187e+03 3.6107066e+00 1.0425987e+04 1.3259599e+01 0 "" "" "" "" 1569.34822 9.0871775e-04 1320.89060 9.7682106e-04 2.6904298e-02 -7.6954916e-02
1790.7612165061753 1.0032234e+00 1.2760106e-03 1.7997151e-03 405579 1569.35023 1320.89431 9.3257637e+03 1.1635235e+01 1.1834580e+03 3.5933650e+00 1.0403874e+04 1.3232800e+01 0 "" "" "" "" 1569.35023 9.0790755e-04 1320.89431 9.7995088e-04 2.8473260e-02 -7.0103437e-02
1790.7626054117075 1.0021472e+00 1.2759410e-03 1.7997323e-03 405580 1569.35224 1320.89185 9.3221270e+03 1.1634889e+01 1.1868497e+03 3.5938430e+00 1.0392972e+04 1.3232405e+01 0 "" "" "" "" 1569.35224 9.0824370e-04 1320.89185 9.7780197e-04 3.3618920e-02 -7.4341506e-02
1790.7639943172396 9.9977881e-01 1.2755492e-03 1.7997496e-03 405581 1569.35001 1320.89786 9.2970420e+03 1.1631437e+01 1.1976808e+03 3.6038003e+00 1.0368518e+04 1.3228480e+01 0 "" "" "" "" 1569.35001 9.1071252e-04 1320.89786 9.8068477e-04 3.1208513e-02 -6.6096976e-02
1790.7653832227722 9.9993628e-01 1.2745404e-03 1.7997668e-03 405582 1569.34719 1320.88860 9.2880957e+03 1.1622397e+01 1.1922518e+03 3.5996575e+00 1.0370291e+04 1.3218199e+01 0 "" "" "" "" 1569.34719 9.1088394e-04 1320.88860 9.8409213e-04 2.6817340e-02 -7.6109245e-02
1790.7667721283049 9.9861032e-01 1.2750358e-03 1.7997840e-03 405583 1569.34540 1320.88686 9.2872090e+03 1.1627049e+01 1.1946224e+03 3.6078062e+00 1.0356662e+04 1.3223490e+01 0 "" "" "" "" 1569.34540 9.1186666e-04 1320.88686 9.7990432e-04 2.2733191e-02 -8.0176510e-02
1790.7681610338375 1.0011773e+00 1.2762292e-03 1.7998012e-03 405584 1569.35148 1320.89698 9.3113047e+03 1.1638227e+01 1.1948540e+03 3.6020110e+00 1.0383548e+04 1.3236203e+01 0 "" "" "" "" 1569.35148 9.0987049e-04 1320.89698 9.7949908e-04 2.9913504e-02 -7.0124373e-02
1790.76954993937 9.9937898e-01 1.2754999e-03 1.7998185e-03 405585 1569.34685 1320.88648 9.2945889e+03 1.1632520e+01 1.1954836e+03 3.6022091e+00 1.0365735e+04 1.3229711e+01 0 "" "" "" "" 1569.34685 9.1417867e-04 1320.88648 9.8207348e-04 2.5530109e-02 -8.0773711e-02
1790.770938844902 9.9912506e-01 1.2745127e-03 1.7998357e-03 405586 1569.35211 1320.89613 9.2973086e+03 1.1624039e+01 1.1900800e+03 3.5975986e+00 1.0363568e+04 1.3220066e+01 0 "" "" "" "" 1569.35211 9.0963126e-04 1320.89613 9.8080374e-04 3.1078773e-02 -6.8940684e-02
1790.772327750435 1.0009475e+00 1.2750282e-03 1.7998529e-03 405587 1569.34456 1320.89083 9.3067900e+03 1.1628923e+01 1.1893508e+03 3.5950086e+00 1.0382635e+04 1.3225621e+01 0 "" "" "" "" 1569.34456 9.1025379e-04 1320.89083 9.8005380e-04 2.3205139e-02 -7.3063694e-02
1790.7737166559675 9.9712342e-01 1.2742917e-03 1.7998702e-03 405588 1569.34699 1320.89221 9.2764189e+03 1.1622786e+01 1.1972106e+03 3.5996921e+00 1.0343484e+04 1.3218640e+01 0 "" "" "" "" 1569.34699 9.1371679e-04 1320.89221 9.8211505e-04 2.6325982e-02 -7.5050399e-02
1790.7751055614992 1.0012609e+00 1.2762757e-03 1.7998874e-03 405589 1569.35411 1320.89556 9.3151387e+03 1.1640885e+01 1.1925959e+03 3.6048076e+00 1.0386406e+04 1.3239225e+01 0 "" "" "" "" 1569.35411 9.1141363e-04 1320.89556 9.7929966e-04 3.2367565e-02 -6.8626054e-02
1790.7764944670314 1.0002997e+00 1.2754612e-03 1.7999046e-03 405590 1569.34664 1320.89369 9.3079980e+03 1.1633518e+01 1.1933102e+03 3.5973399e+00 1.0376489e+04 1.3230845e+01 0 "" "" "" "" 1569.34664 9.0976502e-04 1320.89369 9.7999326e-04 2.4694948e-02 -7.4166097e-02
1790.7778833724476 9.9716336e-01 1.2734950e-03 1.7999217e-03 405591 1569.34961 1320.89354 9.2697559e+03 1.1615709e+01 1.1945841e+03 3.6071556e+00 1.0344067e+04 1.3210592e+01 0 "" "" "" "" 1569.34961 9.1263087e-04 1320.89354 9.8690193e-04 2.6795421e-02 -7.3267207e-02
1790.7792722779807 1.0014169e+00 1.2762775e-03 1.7999390e-03 405592 1569.35291 1320.89550 9.3189072e+03 1.1641097e+01 1.1900685e+03 3.5939426e+00 1.0388199e+04 1.3239466e+01 0 "" "" "" "" 1569.35291 9.0968981e-04 1320.89550 9.7915973e-04 3.2375686e-02 -7.0959814e-02
1790.7806611835135 9.9867147e-01 1.2749756e-03 1.7999562e-03 405593 1569.34963 1320.89102 9.2880322e+03 1.1629396e+01 1.1942802e+03 3.5972681e+00 1.0359875e+04 1.3226159e+01 0 "" "" "" "" 1569.34963 9.1081590e-04 1320.89102 9.8178710e-04 2.7830334e-02 -7.3755376e-02
1790.782050088929 9.9997246e-01 1.2758519e-03 1.7999733e-03 405594 1569.34964 1320.88504 9.3086855e+03 1.1637401e+01 1.1969309e+03 3.6020064e+00 1.0373381e+04 1.3235262e+01 0 "" "" "" "" 1569.34964 9.1087754e-04 1320.88504 9.7951619e-04 2.8388212e-02 -7.9476096e-02
1790.7834389944612 9.9862516e-01 1.2745864e-03 1.7999905e-03 405595 1569.34640 1320.89088 9.2908779e+03 1.1625891e+01 1.1950627e+03 3.5973001e+00 1.0359434e+04 1.3222173e+01 0 "" "" "" "" 1569.34640 9.1223262e-04 1320.89088 9.8096021e-04 2.3685981e-02 -7.5415693e-02
1790.784827899993 1.0007331e+00 1.2761615e-03 1.8000078e-03 405596 1569.35382 1320.89206 9.3095488e+03 1.1640682e+01 1.1917667e+03 3.6054265e+00 1.0381680e+04 1.3238995e+01 0 "" "" "" "" 1569.35382 9.1091852e-04 1320.89206 9.8019314e-04 3.2251932e-02 -7.2737120e-02
1790.78621680541 1.0020766e+00 1.2756760e-03 1.8000249e-03 405597 1569.35172 1320.88990 9.3207949e+03 1.1636881e+01 1.1895166e+03 3.5943279e+00 1.0396178e+04 1.3234671e+01 0 "" "" "" "" 1569.35172 9.0878492e-04 1320.88990 9.7980909e-04 3.1660695e-02 -7.4407406e-02
1790.7876057109431 9.9859899e-01 1.2742390e-03 1.8000421e-03 405598 1569.35152 1320.89357 9.2823496e+03 1.1624363e+01 1.1981010e+03 3.6009412e+00 1.0360624e+04 1.3220433e+01 0 "" "" "" "" 1569.35152 9.1382361e-04 1320.89357 9.8210690e-04 3.0296076e-02 -7.1096510e-02
1790.7889946163589 9.9712241e-01 1.2737039e-03 1.8000592e-03 405599 1569.34937 1320.89630 9.2781035e+03 1.1619591e+01 1.1905010e+03 3.6000607e+00 1.0345401e+04 1.3215007e+01 0 "" "" "" "" 1569.34937 9.1198029e-04 1320.89630 9.8297198e-04 2.8574910e-02 -6.8827949e-02
1790.7903835217744 1.0005974e+00 1.2764687e-03 1.8000763e-03 405600 1569.34654 1320.88759 9.3148525e+03 1.1644818e+01 1.1883359e+03 3.5996788e+00 1.0381460e+04 1.3243698e+01 0 "" "" "" "" 1569.34654 9.1063883e-04 1320.88759 9.8219758e-04 2.4974337e-02 -8.1104949e-02
1790.7917724273063 1.0023760e+00 1.2757473e-03 1.8000936e-03 405601 1569.35439 1320.89488 9.3209160e+03 1.1638285e+01 1.1925208e+03 3.5968015e+00 1.0399955e+04 1.3236267e+01 0 "" "" "" "" 1569.35439 9.0892951e-04 1320.89488 9.8030444e-04 3.3150040e-02 -6.8693452e-02
1790.7931613327225 9.9973893e-01 1.2730557e-03 1.8001107e-03 405602 1569.34720 1320.89309 9.2571621e+03 1.1613965e+01 1.1969252e+03 3.6035092e+00 1.0372807e+04 1.3208609e+01 0 "" "" "" "" 1569.34720 9.1666653e-04 1320.89309 9.9133491e-04 2.5077386e-02 -7.3013857e-02
1790.794550238256 9.9982101e-01 1.2756268e-03 1.8001279e-03 405603 1569.35131 1320.89072 9.3070605e+03 1.1637430e+01 1.1972148e+03 3.6003604e+00 1.0373666e+04 1.3235295e+01 0 "" "" "" "" 1569.35131 9.1023481e-04 1320.89072 9.7990525e-04 2.9725462e-02 -7.6387867e-02
1790.7959391436723 9.9944097e-01 1.2759634e-03 1.8001450e-03 405604 1569.35168 1320.89286 9.3022119e+03 1.1640615e+01 1.1926166e+03 3.6108654e+00 1.0369824e+04 1.3238917e+01 0 "" "" "" "" 1569.35168 9.1124268e-04 1320.89286 9.8202878e-04 2.9758491e-02 -7.0910349e-02
1790.7973280490876 1.0014684e+00 1.2765687e-03 1.8001621e-03 405605 1569.35211 1320.89724 9.3182480e+03 1.1646358e+01 1.1900267e+03 3.6107647e+00 1.0391058e+04 1.3245450e+01 0 "" "" "" "" 1569.35211 9.0856029e-04 1320.89724 9.8017196e-04 3.1561214e-02 -6.9724642e-02
1790.7987169545033 1.0013242e+00 1.2758060e-03 1.8001792e-03 405606 1569.35123 1320.89230 9.3159424e+03 1.1639450e+01 1.1875193e+03 3.6021264e+00 1.0389606e+04 1.3237593e+01 0 "" "" "" "" 1569.35123 9.1096642e-04 1320.89230 9.8141935e-04 3.0307861e-02 -7.2644293e-02
1790.8001058599195 9.9699622e-01 1.2742712e-03 1.8001964e-03 405607 1569.34255 1320.88114 9.2800654e+03 1.1625587e+01 1.1963795e+03 3.6018343e+00 1.0344824e+04 1.3221827e+01 0 "" "" "" "" 1569.34255 9.1309752e-04 1320.88114 9.8232622e-04 2.1370558e-02 -8.8283598e-02
1790.8014947653357 9.9974316e-01 1.2746310e-03 1.8002135e-03 405608 1569.35443 1320.90350 9.2905664e+03 1.1628871e+01 1.1870706e+03 3.6115112e+00 1.0373326e+04 1.3225560e+01 0 "" "" "" "" 1569.35443 9.1091590e-04 1320.90350 9.8341785e-04 3.2881763e-02 -6.1225630e-02
1790.802883670868 9.9903947e-01 1.2743635e-03 1.8002307e-03 405609 1569.35645 1320.89860 9.2805137e+03 1.1626430e+01 1.1926202e+03 3.6051407e+00 1.0366025e+04 1.3222784e+01 0 "" "" "" "" 1569.35645 9.1273646e-04 1320.89860 9.8812522e-04 3.4776472e-02 -6.6667765e-02
1790.8042725762841 1.0009768e+00 1.2743869e-03 1.8002478e-03 405610 1569.34698 1320.88911 9.2958076e+03 1.1627201e+01 1.1939703e+03 3.5972931e+00 1.0386625e+04 1.3223662e+01 0 "" "" "" "" 1569.34698 9.1116235e-04 1320.88911 9.8636420e-04 2.3090739e-02 -7.5856060e-02
1790.8056614817003 1.0008079e+00 1.2748865e-03 1.8002649e-03 405611 1569.34610 1320.88574 9.3155879e+03 1.1631964e+01 1.1893475e+03 3.5892005e+00 1.0385055e+04 1.3229078e+01 0 "" "" "" "" 1569.34610 9.0973376e-04 1320.88574 9.7921712e-04 2.5621595e-02 -8.1540629e-02
1790.8070503871165 9.9749345e-01 1.2737539e-03 1.8002820e-03 405612 1569.34854 1320.89414 9.2833701e+03 1.1621738e+01 1.1917491e+03 3.6026912e+00 1.0350759e+04 1.3217449e+01 0 "" "" "" "" 1569.34854 9.1080030e-04 1320.89414 9.8109350e-04 2.8130872e-02 -6.9728762e-02
1790.8084392925327 1.0008314e+00 1.2751740e-03 1.8002992e-03 405613 1569.34610 1320.88777 9.3089609e+03 1.1634900e+01 1.1920439e+03 3.5985224e+00 1.0385578e+04 1.3232418e+01 0 "" "" "" "" 1569.34610 9.1174425e-04 1320.88777 9.8165195e-04 2.4661262e-02 -7.6892450e-02
1790.809828197832 9.9989539e-01 1.2745847e-03 1.8003162e-03 405614 1569.35072 1320.89494 9.3021094e+03 1.1629524e+01 1.1897726e+03 3.5949328e+00 1.0375866e+04 1.3226304e+01 0 "" "" "" "" 1569.35072 9.0939755e-04 1320.89494 9.8329899e-04 3.2953281e-02 -6.9079109e-02
1790.8112171032474 1.0002285e+00 1.2751553e-03 1.8003333e-03 405615 1569.34880 1320.88889 9.3080977e+03 1.1635179e+01 1.1932150e+03 3.6060061e+00 1.0379724e+04 1.3232736e+01 0 "" "" "" "" 1569.34880 9.0887252e-04 1320.88889 9.8119199e-04 2.7668247e-02 -7.7833660e-02
1790.8126060086636 9.9788421e-01 1.2757482e-03 1.8003504e-03 405616 1569.35134 1320.89174 9.2907910e+03 1.1640775e+01 1.1943713e+03 3.6200774e+00 1.0355562e+04 1.3239100e+01 0 "" "" "" "" 1569.35134 9.1163028e-04 1320.89174 9.8328025e-04 2.9968824e-02 -7.5271659e-02
1790.8139949140807 1.0002595e+00 1.2752376e-03 1.8003675e-03 405617 1569.34646 1320.89183 9.3082871e+03 1.1636146e+01 1.1924055e+03 3.6061409e+00 1.0380236e+04 1.3233834e+01 0 "" "" "" "" 1569.34646 9.0959208e-04 1320.89183 9.7877695e-04 2.5517881e-02 -7.4927256e-02
1790.815383819497 9.9875075e-01 1.2727589e-03 1.8003846e-03 405618 1569.35416 1320.90041 9.2802285e+03 1.1614193e+01 1.1881692e+03 3.5919735e+00 1.0365172e+04 1.3208867e+01 0 "" "" "" "" 1569.35416 9.1116782e-04 1320.90041 9.8483171e-04 3.4244031e-02 -6.1413445e-02
1790.8167727247958 9.9959975e-01 1.2740686e-03 1.8004016e-03 405619 1569.34656 1320.89081 9.2979199e+03 1.1626245e+01 1.1887617e+03 3.5986011e+00 1.0374073e+04 1.3222574e+01 0 "" "" "" "" 1569.34656 9.1176864e-04 1320.89081 9.8101550e-04 2.4838405e-02 -7.7329203e-02
1790.8181616302115 1.0000000e+00 1.2748287e-03 1.8004187e-03 405620 1569.34792 1320.89067 9.3051230e+03 1.1633381e+01 1.1940922e+03 3.5993388e+00 1.0378405e+04 1.3230689e+01 0 "" "" "" "" 1569.34792 9.1129995e-04 1320.89067 9.7993924e-04 2.5435280e-02 -7.5408421e-02
1790.8195505356273 9.9981213e-01 1.2748054e-03 1.8004358e-03 405621 1569.34880 1320.88953 9.3074990e+03 1.1633409e+01 1.1914817e+03 3.5996597e+00 1.0376671e+04 1.3230722e+01 0 "" "" "" "" 1569.34880 9.0895750e-04 1320.88953 9.8154624e-04 2.7436037e-02 -7.5250231e-02
1790.8209394409275 9.9846011e-01 1.2738951e-03 1.8004528e-03 405622 1569.34902 1320.88923 9.2924141e+03 1.1625326e+01 1.1940602e+03 3.5965714e+00 1.0362839e+04 1.3221529e+01 0 "" "" "" "" 1569.34902 9.1018813e-04 1320.88923 9.8397676e-04 2.6640156e-02 -7.5346448e-02
1790.8223283463446 9.9897647e-01 1.2739914e-03 1.8004699e-03 405623 1569.34834 1320.89164 9.2968574e+03 1.1626483e+01 1.1908933e+03 3.5972917e+00 1.0368446e+04 1.3222845e+01 0 "" "" "" "" 1569.34834 9.1109041e-04 1320.89164 9.8015950e-04 2.6200324e-02 -7.3040202e-02
1790.8237172516435 9.9911332e-01 1.2737714e-03 1.8004869e-03 405624 1569.35120 1320.89404 9.3000938e+03 1.1624602e+01 1.1873557e+03 3.5940948e+00 1.0369980e+04 1.3220707e+01 0 "" "" "" "" 1569.35120 9.0956700e-04 1320.89404 9.8058512e-04 3.1285062e-02 -7.0352040e-02
1790.8251061570593 1.0030986e+00 1.2762129e-03 1.8005040e-03 405625 1569.35068 1320.89442 9.3381523e+03 1.1647096e+01 1.1904523e+03 3.6037958e+00 1.0411534e+04 1.3246288e+01 0 "" "" "" "" 1569.35068 9.0891175e-04 1320.89442 9.7781327e-04 3.0297093e-02 -7.0524424e-02
1790.8264950623582 1.0012656e+00 1.2754056e-03 1.8005210e-03 405626 1569.35162 1320.89249 9.3218389e+03 1.1639728e+01 1.1887346e+03 3.5936596e+00 1.0392509e+04 1.3237909e+01 0 "" "" "" "" 1569.35162 9.0932712e-04 1320.89249 9.7955728e-04 3.0526578e-02 -7.3894836e-02
1790.8278839677746 9.9872577e-01 1.2748209e-03 1.8005382e-03 405627 1569.34925 1320.88908 9.3005332e+03 1.1634391e+01 1.1934839e+03 3.6027572e+00 1.0366146e+04 1.3231840e+01 0 "" "" "" "" 1569.34925 9.1166282e-04 1320.88908 9.8036032e-04 2.8687716e-02 -7.5562403e-02
1790.8292728730746 9.9918967e-01 1.2746010e-03 1.8005552e-03 405628 1569.35198 1320.89093 9.2998887e+03 1.1632511e+01 1.1905121e+03 3.6158636e+00 1.0371074e+04 1.3229701e+01 0 "" "" "" "" 1569.35198 9.0992375e-04 1320.89093 9.8180887e-04 3.0290706e-02 -7.5094096e-02
1790.8306617784908 9.9896348e-01 1.2746108e-03 1.8005723e-03 405629 1569.35215 1320.89588 9.2997998e+03 1.1632749e+01 1.1934888e+03 3.6106186e+00 1.0368858e+04 1.3229971e+01 0 "" "" "" "" 1569.35215 9.1025699e-04 1320.89588 9.7996660e-04 3.1250730e-02 -6.8982512e-02
1790.8320506837906 9.9956971e-01 1.2741983e-03 1.8005893e-03 405630 1569.34884 1320.88708 9.3022881e+03 1.1629105e+01 1.1918254e+03 3.5953479e+00 1.0375257e+04 1.3225826e+01 0 "" "" "" "" 1569.34884 9.1006001e-04 1320.88708 9.7978325e-04 2.8861968e-02 -7.9721995e-02
1790.8334395890895 1.0024163e+00 1.2753373e-03 1.8006063e-03 405631 1569.35121 1320.89870 9.3261885e+03 1.1640074e+01 1.1893921e+03 3.6058350e+00 1.0405317e+04 1.3238302e+01 0 "" "" "" "" 1569.35121 9.0897572e-04 1320.89870 9.7904110e-04 2.9883781e-02 -6.6197246e-02
1790.8348284943893 9.9854702e-01 1.2738948e-03 1.8006233e-03 405632 1569.35025 1320.89002 9.2898447e+03 1.1627000e+01 1.1966874e+03 3.6034601e+00 1.0365234e+04 1.3223433e+01 0 "" "" "" "" 1569.35025 9.1143377e-04 1320.89002 9.8077720e-04 2.9887453e-02 -7.7969015e-02
1790.8362173998057 1.0000620e+00 1.2744435e-03 1.8006404e-03 405633 1569.34902 1320.89745 9.3046846e+03 1.1632019e+01 1.1909865e+03 3.5983844e+00 1.0380972e+04 1.3229141e+01 0 "" "" "" "" 1569.34902 9.0999453e-04 1320.89745 9.7969733e-04 2.8489225e-02 -6.9746718e-02
1790.8376063051048 9.9879867e-01 1.2736237e-03 1.8006574e-03 405634 1569.35103 1320.89003 9.2991914e+03 1.1624660e+01 1.1847911e+03 3.5935578e+00 1.0367968e+04 1.3220773e+01 0 "" "" "" "" 1569.35103 9.0956566e-04 1320.89003 9.8012213e-04 3.0400021e-02 -7.6308079e-02
1790.8389952104046 1.0004312e+00 1.2745108e-03 1.8006744e-03 405635 1569.34868 1320.89261 9.3128594e+03 1.1632756e+01 1.1898671e+03 3.5945964e+00 1.0384914e+04 1.3229980e+01 0 "" "" "" "" 1569.34868 9.1098697e-04 1320.89261 9.7839779e-04 2.7743053e-02 -7.2549403e-02
1790.8403841157044 1.0007288e+00 1.2748712e-03 1.8006914e-03 405636 1569.35434 1320.89741 9.3121523e+03 1.1636129e+01 1.1856865e+03 3.5925386e+00 1.0388077e+04 1.3233815e+01 0 "" "" "" "" 1569.35434 9.1054512e-04 1320.89741 9.7989093e-04 3.4101408e-02 -6.9019154e-02
1790.8417730210042 9.9978757e-01 1.2742848e-03 1.8007084e-03 405637 1569.34696 1320.88863 9.3027070e+03 1.1631127e+01 1.1915507e+03 3.5999684e+00 1.0378620e+04 1.3228128e+01 0 "" "" "" "" 1569.34696 9.1204292e-04 1320.88863 9.7960199e-04 2.3686821e-02 -7.7663675e-02
1790.843161926304 9.9701428e-01 1.2732203e-03 1.8007254e-03 405638 1569.35302 1320.89741 9.2804717e+03 1.1621484e+01 1.1955146e+03 3.5996842e+00 1.0349896e+04 1.3217160e+01 0 "" "" "" "" 1569.35302 9.1088004e-04 1320.89741 9.8292658e-04 3.0646730e-02 -6.8290934e-02
1790.8445508316033 9.9721968e-01 1.2740382e-03 1.8007423e-03 405639 1569.34682 1320.88856 9.2816152e+03 1.1628952e+01 1.1939303e+03 3.6023462e+00 1.0352029e+04 1.3225653e+01 0 "" "" "" "" 1569.34682 9.1339101e-04 1320.88856 9.8309945e-04 2.5986671e-02 -7.9645298e-02
1790.8459397369024 1.0016217e+00 1.2746727e-03 1.8007593e-03 405640 1569.35336 1320.89273 9.3206172e+03 1.1634831e+01 1.1835311e+03 3.5963485e+00 1.0397806e+04 1.3232341e+01 0 "" "" "" "" 1569.35336 9.0904761e-04 1320.89273 9.7992807e-04 2.9960612e-02 -7.2366111e-02
1790.8473286422025 9.9826753e-01 1.2732650e-03 1.8007763e-03 405641 1569.34606 1320.89096 9.2888125e+03 1.1622096e+01 1.1893804e+03 3.5957031e+00 1.0363088e+04 1.3217855e+01 0 "" "" "" "" 1569.34606 9.1051910e-04 1320.89096 9.8164822e-04 2.4940103e-02 -7.3344976e-02
1790.8487175475027 9.9980944e-01 1.2737974e-03 1.8007933e-03 405642 1569.35257 1320.89494 9.2988506e+03 1.1627056e+01 1.1919900e+03 3.5965352e+00 1.0379184e+04 1.3223496e+01 0 "" "" "" "" 1569.35257 9.1090758e-04 1320.89494 9.8232168e-04 3.2603774e-02 -7.1391396e-02
1790.8501064528025 1.0011123e+00 1.2743209e-03 1.8008103e-03 405643 1569.35425 1320.89424 9.3049902e+03 1.1632168e+01 1.1894194e+03 3.5958130e+00 1.0393008e+04 1.3229311e+01 0 "" "" "" "" 1569.35425 9.1277313e-04 1320.89424 9.8215567e-04 3.1429403e-02 -7.5261623e-02
1790.8514953581018 1.0006645e+00 1.2741153e-03 1.8008273e-03 405644 1569.34474 1320.89077 9.3018066e+03 1.1630304e+01 1.1916185e+03 3.5975938e+00 1.0388369e+04 1.3227192e+01 0 "" "" "" "" 1569.34474 9.1197173e-04 1320.89077 9.8201015e-04 2.1377390e-02 -7.4147210e-02
1790.8528842632843 9.9897069e-01 1.2735947e-03 1.8008442e-03 405645 1569.35519 1320.89272 9.2840859e+03 1.1625739e+01 1.1967445e+03 3.5997584e+00 1.0370952e+04 1.3222000e+01 0 "" "" "" "" 1569.35519 9.1268279e-04 1320.89272 9.8295207e-04 3.3564501e-02 -7.5977847e-02
1790.8542731685836 9.9923098e-01 1.2732628e-03 1.8008612e-03 405646 1569.35212 1320.90056 9.2880547e+03 1.1622756e+01 1.1912177e+03 3.5958080e+00 1.0373696e+04 1.3218607e+01 0 "" "" "" "" 1569.35212 9.1219536e-04 1320.90056 9.8351715e-04 2.9713470e-02 -6.2208168e-02
1790.8556620738834 1.0004426e+00 1.2736615e-03 1.8008782e-03 405647 1569.35048 1320.88273 9.2966182e+03 1.1626463e+01 1.1863600e+03 3.5992382e+00 1.0386335e+04 1.3222822e+01 0 "" "" "" "" 1569.35048 9.1292959e-04 1320.88273 9.8136964e-04 2.9250702e-02 -8.2981557e-02
1790.8570509791841 9.9881583e-01 1.2727212e-03 1.8008952e-03 405648 1569.34721 1320.89596 9.2834053e+03 1.1617920e+01 1.1893499e+03 3.5977485e+00 1.0369483e+04 1.3213107e+01 0 "" "" "" "" 1569.34721 9.1234472e-04 1320.89596 9.8267768e-04 2.5788346e-02 -6.7669429e-02
1790.8584398843675 9.9958253e-01 1.2739399e-03 1.8009121e-03 405649 1569.35152 1320.89673 9.3019316e+03 1.1629129e+01 1.1925247e+03 3.5973301e+00 1.0377518e+04 1.3225855e+01 0 "" "" "" "" 1569.35152 9.1065391e-04 1320.89673 9.8171434e-04 3.0084440e-02 -6.7913532e-02
1790.8598287896664 9.9959230e-01 1.2742383e-03 1.8009291e-03 405650 1569.35457 1320.89710 9.3026650e+03 1.1631770e+01 1.1917859e+03 3.5995333e+00 1.0377544e+04 1.3228858e+01 0 "" "" "" "" 1569.35457 9.1004756e-04 1320.89710 9.8028220e-04 3.3895195e-02 -6.7530625e-02
1790.8612176948493 1.0008433e+00 1.2738927e-03 1.8009460e-03 405651 1569.35137 1320.88146 9.2986240e+03 1.1628698e+01 1.1883129e+03 3.5997767e+00 1.0390607e+04 1.3225366e+01 0 "" "" "" "" 1569.35137 9.1267523e-04 1320.88146 9.8216697e-04 3.1354036e-02 -8.8653706e-02
1790.862606600149 9.9778956e-01 1.2715281e-03 1.8009630e-03 405652 1569.34480 1320.89953 9.2549941e+03 1.1607553e+01 1.1940029e+03 3.5980642e+00 1.0359295e+04 1.3201315e+01 0 "" "" "" "" 1569.34480 9.1529137e-04 1320.89953 9.8711601e-04 2.2849789e-02 -6.3293703e-02
1790.8639955053325 9.9774468e-01 1.2735964e-03 1.8009798e-03 405653 1569.34954 1320.89404 9.2888076e+03 1.1625995e+01 1.1931324e+03 3.6050620e+00 1.0358438e+04 1.3222290e+01 0 "" "" "" "" 1569.34954 9.1089279e-04 1320.89404 9.7988802e-04 2.8534232e-02 -7.1648143e-02
1790.8653844106323 9.9996328e-01 1.2746847e-03 1.8009968e-03 405654 1569.34702 1320.89134 9.3079473e+03 1.1635927e+01 1.1933213e+03 3.5969770e+00 1.0381471e+04 1.3233587e+01 0 "" "" "" "" 1569.34702 9.1042067e-04 1320.89134 9.7932538e-04 2.6309380e-02 -7.3135719e-02
1790.8667733158156 9.9983311e-01 1.2753273e-03 1.8010137e-03 405655 1569.35050 1320.89172 9.3057139e+03 1.1642235e+01 1.1899369e+03 3.6044562e+00 1.0380512e+04 1.3240760e+01 0 "" "" "" "" 1569.35050 9.1015827e-04 1320.89172 9.8273519e-04 3.0027153e-02 -7.3470689e-02
1790.868162221115 9.9961317e-01 1.2746257e-03 1.8010307e-03 405656 1569.35527 1320.89333 9.3064521e+03 1.1635830e+01 1.1950708e+03 3.5993502e+00 1.0378228e+04 1.3233475e+01 0 "" "" "" "" 1569.35527 9.1005891e-04 1320.89333 9.8121678e-04 3.4898158e-02 -7.1748897e-02
1790.8695511262983 1.0019436e+00 1.2742684e-03 1.8010476e-03 405657 1569.34458 1320.89425 9.3093799e+03 1.1632696e+01 1.1878785e+03 3.6042280e+00 1.0402537e+04 1.3229911e+01 0 "" "" "" "" 1569.34458 9.1062963e-04 1320.89425 9.8072679e-04 2.1137405e-02 -7.0270248e-02
1790.8709400315981 9.9854052e-01 1.2734667e-03 1.8010646e-03 405658 1569.35268 1320.89456 9.2844824e+03 1.1625586e+01 1.1959055e+03 3.6040287e+00 1.0367391e+04 1.3221825e+01 0 "" "" "" "" 1569.35268 9.1430935e-04 1320.89456 9.8215882e-04 3.0475382e-02 -7.1440920e-02
1790.8723289367806 9.9932474e-01 1.2723129e-03 1.8010815e-03 405659 1569.35515 1320.90295 9.2701367e+03 1.1615154e+01 1.1920734e+03 3.6079867e+00 1.0375624e+04 1.3209961e+01 0 "" "" "" "" 1569.35515 9.1425068e-04 1320.90295 9.8602683e-04 3.3106130e-02 -6.1897539e-02
1790.8737178419642 1.0017836e+00 1.2749749e-03 1.8010983e-03 405660 1569.35210 1320.89324 9.3161299e+03 1.1639586e+01 1.1946449e+03 3.6034269e+00 1.0401270e+04 1.3237748e+01 0 "" "" "" "" 1569.35210 9.0919866e-04 1320.89324 9.7963645e-04 2.9972175e-02 -7.1879096e-02
1790.8751067471478 9.9963254e-01 1.2723655e-03 1.8011152e-03 405661 1569.35299 1320.88906 9.2761250e+03 1.1615634e+01 1.1924698e+03 3.5968142e+00 1.0378820e+04 1.3210506e+01 0 "" "" "" "" 1569.35299 9.1309455e-04 1320.88906 9.8523556e-04 2.9943720e-02 -7.8973114e-02
1790.8764956524476 1.0003991e+00 1.2742156e-03 1.8011322e-03 405662 1569.36201 1320.89865 9.2973545e+03 1.1632655e+01 1.1936219e+03 3.5990453e+00 1.0386896e+04 1.3229865e+01 0 "" "" "" "" 1569.36201 9.1290619e-04 1320.89865 9.8036183e-04 4.3778606e-02 -6.7951694e-02
1790.877884557631 1.0043383e+00 1.2754109e-03 1.8011491e-03 405663 1569.34317 1320.88708 9.3328506e+03 1.1644050e+01 1.1891053e+03 3.6002059e+00 1.0428229e+04 1.3242825e+01 0 "" "" "" "" 1569.34317 9.1092323e-04 1320.88708 9.8072994e-04 1.9040043e-02 -8.0984190e-02
1790.8792734628134 9.9938226e-01 1.2725295e-03 1.8011660e-03 405664 1569.35324 1320.90004 9.2844248e+03 1.1617745e+01 1.1909585e+03 3.5950127e+00 1.0376770e+04 1.3212908e+01 0 "" "" "" "" 1569.35324 9.1260136e-04 1320.90004 9.8363985e-04 3.1729225e-02 -6.3572451e-02
1790.8806623679964 1.0007380e+00 1.2746705e-03 1.8011829e-03 405665 1569.34850 1320.88650 9.3074746e+03 1.1637292e+01 1.1913500e+03 3.6045620e+00 1.0390847e+04 1.3235138e+01 0 "" "" "" "" 1569.34850 9.1336551e-04 1320.88650 9.7999210e-04 2.5853703e-02 -7.9803482e-02
1790.8820512731788 9.9829382e-01 1.2731960e-03 1.8011997e-03 405666 1569.34865 1320.89242 9.2835361e+03 1.1623830e+01 1.1979581e+03 3.6004047e+00 1.0365468e+04 1.3219827e+01 0 "" "" "" "" 1569.34865 9.1190595e-04 1320.89242 9.8210189e-04 2.8506365e-02 -7.1559757e-02
1790.8834401783631 1.0004525e+00 1.2732216e-03 1.8012166e-03 405667 1569.35840 1320.89460 9.2995918e+03 1.1624063e+01 1.1864426e+03 3.5938170e+00 1.0387883e+04 1.3220093e+01 0 "" "" "" "" 1569.35840 9.1263012e-04 1320.89460 9.7923167e-04 3.8293358e-02 -7.0671976e-02
1790.8848290835474 1.0005041e+00 1.2722240e-03 1.8012335e-03 405668 1569.34448 1320.89506 9.2706416e+03 1.1615032e+01 1.1918029e+03 3.5991828e+00 1.0388487e+04 1.3209823e+01 0 "" "" "" "" 1569.34448 9.1903657e-04 1320.89506 9.8245766e-04 2.0281347e-02 -6.7780942e-02
1790.8862179887299 9.9922669e-01 1.2741162e-03 1.8012504e-03 405669 1569.34881 1320.89275 9.2977344e+03 1.1632352e+01 1.1964414e+03 3.6012411e+00 1.0375263e+04 1.3229521e+01 0 "" "" "" "" 1569.34881 9.1138441e-04 1320.89275 9.8179199e-04 2.6453342e-02 -7.2365038e-02
1790.8876068939128 9.9927443e-01 1.2743032e-03 1.8012673e-03 405670 1569.35072 1320.88539 9.2946006e+03 1.1634320e+01 1.1919863e+03 3.6088209e+00 1.0375991e+04 1.3231759e+01 0 "" "" "" "" 1569.35072 9.1142702e-04 1320.88539 9.8406011e-04 2.7741326e-02 -8.1500046e-02
1790.8889957990953 1.0008111e+00 1.2745238e-03 1.8012841e-03 405671 1569.35493 1320.89899 9.3058096e+03 1.1636334e+01 1.1931971e+03 3.5985036e+00 1.0391947e+04 1.3234049e+01 0 "" "" "" "" 1569.35493 9.1119704e-04 1320.89899 9.8180433e-04 3.3179455e-02 -6.5430917e-02
1790.8903847042786 1.0000242e+00 1.2742808e-03 1.8013010e-03 405672 1569.35113 1320.89314 9.2976807e+03 1.1634144e+01 1.1930732e+03 3.6060901e+00 1.0383800e+04 1.3231558e+01 0 "" "" "" "" 1569.35113 9.1118895e-04 1320.89314 9.8051759e-04 3.0271029e-02 -7.1739353e-02
1790.891773609463 1.0000912e+00 1.2740266e-03 1.8013179e-03 405673 1569.35205 1320.89571 9.2983301e+03 1.1632104e+01 1.1956345e+03 3.6036623e+00 1.0384746e+04 1.3229238e+01 0 "" "" "" "" 1569.35205 9.1109960e-04 1320.89571 9.8261575e-04 2.9835839e-02 -6.9243826e-02
1790.8931625145299 1.0006875e+00 1.2740078e-03 1.8013347e-03 405674 1569.34587 1320.89256 9.3052158e+03 1.1631931e+01 1.1896080e+03 3.6046007e+00 1.0390938e+04 1.3229043e+01 0 "" "" "" "" 1569.34587 9.1022148e-04 1320.89256 9.8076172e-04 2.4582649e-02 -7.3926941e-02
1790.8945514197128 9.9818206e-01 1.2739464e-03 1.8013516e-03 405675 1569.35431 1320.90206 9.2845762e+03 1.1631452e+01 1.1904066e+03 3.6106870e+00 1.0364994e+04 1.3228496e+01 0 "" "" "" "" 1569.35431 9.1201061e-04 1320.90206 9.8440447e-04 3.4832053e-02 -6.1759636e-02
1790.8959403248953 1.0024377e+00 1.2742941e-03 1.8013684e-03 405676 1569.35422 1320.88711 9.3228730e+03 1.1634625e+01 1.1827202e+03 3.5958982e+00 1.0409184e+04 1.3232106e+01 0 "" "" "" "" 1569.35422 9.1033190e-04 1320.88711 9.7706041e-04 3.5783600e-02 -7.9345815e-02
1790.8973292300786 9.9743718e-01 1.2719451e-03 1.8013853e-03 405677 1569.34694 1320.89499 9.2679336e+03 1.1613190e+01 1.1886661e+03 3.5983570e+00 1.0357270e+04 1.3207726e+01 0 "" "" "" "" 1569.34694 9.1425877e-04 1320.89499 9.8082400e-04 2.3950955e-02 -7.0206679e-02
1790.8987181351456 1.0059360e+00 1.2772499e-03 1.8014021e-03 405678 1569.34832 1320.89485 9.3454863e+03 1.1661775e+01 1.1991227e+03 3.6176033e+00 1.0445656e+04 1.3262983e+01 0 "" "" "" "" 1569.34832 9.1016875e-04 1320.89485 9.7761932e-04 2.9425556e-02 -7.2403602e-02
1790.9001070403292 1.0029459e+00 1.2750940e-03 1.8014190e-03 405679 1569.35989 1320.88927 9.3252236e+03 1.1642090e+01 1.1909556e+03 3.6021967e+00 1.0414607e+04 1.3240596e+01 0 "" "" "" "" 1569.35989 9.0911885e-04 1320.88927 9.8197022e-04 3.8391855e-02 -7.6858938e-02
1790.9014959455128 9.9658984e-01 1.2719990e-03 1.8014358e-03 405680 1569.34427 1320.90051 9.2527920e+03 1.1613682e+01 1.1970618e+03 3.6155851e+00 1.0348471e+04 1.3208286e+01 0 "" "" "" "" 1569.34427 9.1543386e-04 1320.90051 9.8596211e-04 2.0020295e-02 -6.2165640e-02
1790.9028848505789 9.9979371e-01 1.2749687e-03 1.8014526e-03 405681 1569.35915 1320.89216 9.3033057e+03 1.1640797e+01 1.1947456e+03 3.6111979e+00 1.0381739e+04 1.3239124e+01 0 "" "" "" "" 1569.35915 9.1328850e-04 1320.89216 9.7935519e-04 4.1437730e-02 -7.4841082e-02
1790.9042737557622 1.0007169e+00 1.2750456e-03 1.8014695e-03 405682 1569.34641 1320.89233 9.2989219e+03 1.1641649e+01 1.1980465e+03 3.6057999e+00 1.0391461e+04 1.3240093e+01 0 "" "" "" "" 1569.34641 9.1467996e-04 1320.89233 9.8369166e-04 2.3631550e-02 -7.1945392e-02
1790.9056626608292 9.9872839e-01 1.2724092e-03 1.8014862e-03 405683 1569.34914 1320.89765 9.2825273e+03 1.1617579e+01 1.1901035e+03 3.5966251e+00 1.0370812e+04 1.3212719e+01 0 "" "" "" "" 1569.34914 9.1086491e-04 1320.89765 9.8511972e-04 2.8124163e-02 -6.3406885e-02
1790.9070515660121 9.9898732e-01 1.2727787e-03 1.8015031e-03 405684 1569.34874 1320.89364 9.2843838e+03 1.1620953e+01 1.1930208e+03 3.5976028e+00 1.0373501e+04 1.3216556e+01 0 "" "" "" "" 1569.34874 9.1303035e-04 1320.89364 9.8374160e-04 2.5508847e-02 -7.1911216e-02
1790.9084404710782 1.0006702e+00 1.2740986e-03 1.8015199e-03 405685 1569.35034 1320.89671 9.2946455e+03 1.1633028e+01 1.1899598e+03 3.6066251e+00 1.0390997e+04 1.3230289e+01 0 "" "" "" "" 1569.35034 9.1350620e-04 1320.89671 9.8182540e-04 2.7793769e-02 -6.6981658e-02
1790.9098293762618 9.9816817e-01 1.2730063e-03 1.8015368e-03 405686 1569.35191 1320.89357 9.2841416e+03 1.1623848e+01 1.1919871e+03 3.5972269e+00 1.0365724e+04 1.3219848e+01 0 "" "" "" "" 1569.35191 9.1290032e-04 1320.89357 9.8193821e-04 3.1008676e-02 -7.3634118e-02
1790.9112182813294 9.9983341e-01 1.2739730e-03 1.8015535e-03 405687 1569.34874 1320.89009 9.3027939e+03 1.1632863e+01 1.1953773e+03 3.6027257e+00 1.0383184e+04 1.3230101e+01 0 "" "" "" "" 1569.34874 9.1192295e-04 1320.89009 9.7976055e-04 2.8418638e-02 -7.4917808e-02
1790.9126071863964 1.0020553e+00 1.2747643e-03 1.8015703e-03 405688 1569.35300 1320.89709 9.3147432e+03 1.1640087e+01 1.1940703e+03 3.6099117e+00 1.0406257e+04 1.3238317e+01 0 "" "" "" "" 1569.35300 9.1098825e-04 1320.89709 9.8003447e-04 3.1339388e-02 -6.7846842e-02
1790.9139960915793 1.0000689e+00 1.2738460e-03 1.8015872e-03 405689 1569.35214 1320.89923 9.2946348e+03 1.1631701e+01 1.1931576e+03 3.6008017e+00 1.0385629e+04 1.3228781e+01 0 "" "" "" "" 1569.35214 9.1143674e-04 1320.89923 9.8289410e-04 2.9189188e-02 -6.5851197e-02
1790.9153849966453 1.0025775e+00 1.2747716e-03 1.8016039e-03 405690 1569.34947 1320.89262 9.3152852e+03 1.1639967e+01 1.1904838e+03 3.5952048e+00 1.0411515e+04 1.3238181e+01 0 "" "" "" "" 1569.34947 9.1054552e-04 1320.89262 9.8142691e-04 2.7688419e-02 -7.2318099e-02
1790.9167739017118 9.9993181e-01 1.2730778e-03 1.8016207e-03 405691 1569.35973 1320.89329 9.2864678e+03 1.1624500e+01 1.1906516e+03 3.5979397e+00 1.0384038e+04 1.3220590e+01 0 "" "" "" "" 1569.35973 9.1392238e-04 1320.89329 9.8398887e-04 3.8242608e-02 -7.1131960e-02
1790.9181628067795 9.9978781e-01 1.2732286e-03 1.8016375e-03 405692 1569.34307 1320.89342 9.2968662e+03 1.1625876e+01 1.1912311e+03 3.5949738e+00 1.0382543e+04 1.3222156e+01 0 "" "" "" "" 1569.34307 9.1333495e-04 1320.89342 9.7963237e-04 2.0193009e-02 -7.0899419e-02
1790.9195517119635 9.9864769e-01 1.2732910e-03 1.8016543e-03 405693 1569.35638 1320.89890 9.2806738e+03 1.1626447e+01 1.1882738e+03 3.5945723e+00 1.0370703e+04 1.3222804e+01 0 "" "" "" "" 1569.35638 9.1465120e-04 1320.89890 9.8328851e-04 3.4778707e-02 -6.8863288e-02
1790.92094061703 9.9962866e-01 1.2732049e-03 1.8016711e-03 405694 1569.34632 1320.89782 9.2974482e+03 1.1625661e+01 1.1892402e+03 3.6004834e+00 1.0380891e+04 1.3221910e+01 0 "" "" "" "" 1569.34632 9.1026648e-04 1320.89782 9.8120375e-04 2.5743740e-02 -6.4370744e-02
1790.922329522096 1.0012344e+00 1.2741333e-03 1.8016879e-03 405695 1569.35471 1320.88684 9.3024922e+03 1.1633345e+01 1.1963894e+03 3.6006222e+00 1.0396856e+04 1.3230649e+01 0 "" "" "" "" 1569.35471 9.1188966e-04 1320.88684 9.8050351e-04 3.4938902e-02 -8.0933303e-02
1790.9237184271626 9.9957633e-01 1.2743234e-03 1.8017046e-03 405696 1569.35151 1320.89333 9.2989238e+03 1.1635056e+01 1.1896108e+03 3.6142435e+00 1.0379617e+04 1.3232596e+01 0 "" "" "" "" 1569.35151 9.1172889e-04 1320.89333 9.8187395e-04 3.0508125e-02 -7.2840959e-02
1790.9251073322296 9.9918139e-01 1.2734722e-03 1.8017214e-03 405697 1569.34880 1320.89666 9.2987617e+03 1.1627285e+01 1.1918202e+03 3.6039295e+00 1.0375516e+04 1.3223757e+01 0 "" "" "" "" 1569.34880 9.1076351e-04 1320.89666 9.8027335e-04 2.8272230e-02 -6.7335196e-02
1790.926496237297 1.0021013e+00 1.2748117e-03 1.8017382e-03 405698 1569.35588 1320.89956 9.3219346e+03 1.1639513e+01 1.1866796e+03 3.5953362e+00 1.0405836e+04 1.3237665e+01 0 "" "" "" "" 1569.35588 9.0911367e-04 1320.89956 9.7985053e-04 3.5266563e-02 -6.5356210e-02
1790.9278851423642 1.0001371e+00 1.2737352e-03 1.8017549e-03 405699 1569.34664 1320.88761 9.2947158e+03 1.1629685e+01 1.1926376e+03 3.6013010e+00 1.0385440e+04 1.3226486e+01 0 "" "" "" "" 1569.34664 9.1306475e-04 1320.88761 9.8068058e-04 2.3611207e-02 -7.8357063e-02
1790.9292740474305 9.9972516e-01 1.2727419e-03 1.8017717e-03 405700 1569.34995 1320.89494 9.2868623e+03 1.1620616e+01 1.1926077e+03 3.5990713e+00 1.0381162e+04 1.3216173e+01 0 "" "" "" "" 1569.34995 9.1357512e-04 1320.89494 9.8137604e-04 2.7032442e-02 -7.0159800e-02
1790.930662952497 1.0004956e+00 1.2736457e-03 1.8017885e-03 405701 1569.35479 1320.89450 9.3096660e+03 1.1628716e+01 1.1870360e+03 3.5897303e+00 1.0389027e+04 1.3225385e+01 0 "" "" "" "" 1569.35479 9.0897345e-04 1320.89450 9.7906485e-04 3.4974109e-02 -7.3579736e-02
1790.932051857564 9.9965668e-01 1.2740252e-03 1.8018052e-03 405702 1569.35500 1320.89109 9.2921445e+03 1.1632182e+01 1.1951733e+03 3.6107695e+00 1.0380316e+04 1.3229326e+01 0 "" "" "" "" 1569.35500 9.1326382e-04 1320.89109 9.8100607e-04 3.4286451e-02 -7.6412573e-02
1790.9334407626309 1.0024407e+00 1.2746075e-03 1.8018220e-03 405703 1569.34440 1320.90085 9.3147363e+03 1.1637498e+01 1.1936244e+03 3.6058354e+00 1.0409225e+04 1.3235373e+01 0 "" "" "" "" 1569.34440 9.1025507e-04 1320.90085 9.8113215e-04 1.9927442e-02 -6.1793260e-02
1790.9348296676978 1.0018765e+00 1.2751764e-03 1.8018387e-03 405704 1569.35754 1320.89139 9.3238682e+03 1.1642693e+01 1.1951423e+03 3.6012406e+00 1.0403366e+04 1.3241281e+01 0 "" "" "" "" 1569.35754 9.0963702e-04 1320.89139 9.7854307e-04 3.8254511e-02 -7.6635867e-02
1790.9362185727648 1.0002199e+00 1.2742648e-03 1.8018555e-03 405705 1569.34900 1320.89520 9.2993828e+03 1.1634357e+01 1.1948446e+03 3.6049871e+00 1.0386155e+04 1.3231801e+01 0 "" "" "" "" 1569.34900 9.1132428e-04 1320.89520 9.8081771e-04 2.5684791e-02 -6.9931284e-02
1790.9376074777147 1.0028398e+00 1.2754503e-03 1.8018722e-03 405706 1569.35557 1320.89876 9.3212266e+03 1.1645183e+01 1.1928431e+03 3.6010399e+00 1.0413360e+04 1.3244113e+01 0 "" "" "" "" 1569.35557 9.0998824e-04 1320.89876 9.8172761e-04 3.2580033e-02 -6.4805254e-02
1790.9389963827819 1.0018330e+00 1.2745978e-03 1.8018889e-03 405707 1569.35076 1320.89268 9.3142891e+03 1.1637400e+01 1.1918439e+03 3.5976598e+00 1.0402904e+04 1.3235260e+01 0 "" "" "" "" 1569.35076 9.1101095e-04 1320.89268 9.8205404e-04 2.8745702e-02 -7.3863626e-02
1790.9403852878488 9.9898428e-01 1.2722067e-03 1.8019057e-03 405708 1569.34905 1320.89386 9.2811621e+03 1.1615567e+01 1.1902383e+03 3.5948982e+00 1.0373324e+04 1.3210430e+01 0 "" "" "" "" 1569.34905 9.1197609e-04 1320.89386 9.8309352e-04 2.8100859e-02 -7.0462167e-02
1790.9417741927984 9.9825752e-01 1.2732170e-03 1.8019223e-03 405709 1569.35138 1320.89438 9.2820664e+03 1.1624793e+01 1.1904347e+03 3.5989592e+00 1.0365777e+04 1.3220922e+01 0 "" "" "" "" 1569.35138 9.1268594e-04 1320.89438 9.8263111e-04 2.7468992e-02 -7.1028665e-02
1790.943163097865 1.0021644e+00 1.2745983e-03 1.8019391e-03 405710 1569.35497 1320.89953 9.3191602e+03 1.1637323e+01 1.1867534e+03 3.5986345e+00 1.0406274e+04 1.3235174e+01 0 "" "" "" "" 1569.35497 9.0877310e-04 1320.89953 9.7932294e-04 3.3879500e-02 -6.6067070e-02
1790.944552002932 1.0003587e+00 1.2737946e-03 1.8019559e-03 405711 1569.34865 1320.89261 9.3014199e+03 1.1629704e+01 1.1901633e+03 3.5997703e+00 1.0387273e+04 1.3226507e+01 0 "" "" "" "" 1569.34865 9.1072440e-04 1320.89261 9.8080433e-04 2.6546858e-02 -7.3763281e-02
1790.9459409078831 1.0007443e+00 1.2744972e-03 1.8019725e-03 405712 1569.35175 1320.89467 9.3064580e+03 1.1636119e+01 1.1953595e+03 3.6013269e+00 1.0391277e+04 1.3233804e+01 0 "" "" "" "" 1569.35175 9.0931164e-04 1320.89467 9.8160049e-04 3.1919301e-02 -6.8769895e-02
1790.9473298129503 1.0024643e+00 1.2747006e-03 1.8019893e-03 405713 1569.35092 1320.89166 9.3178955e+03 1.1637949e+01 1.1876473e+03 3.5998616e+00 1.0409113e+04 1.3235886e+01 0 "" "" "" "" 1569.35092 9.1106049e-04 1320.89166 9.7803748e-04 3.1487908e-02 -7.4659504e-02
1790.9487187179 9.9854535e-01 1.2725890e-03 1.8020059e-03 405714 1569.34838 1320.89714 9.2797334e+03 1.1618670e+01 1.1911410e+03 3.5984051e+00 1.0368421e+04 1.3213960e+01 0 "" "" "" "" 1569.34838 9.1302762e-04 1320.89714 9.8176452e-04 2.4623992e-02 -6.8645917e-02
1790.9501076229665 1.0005816e+00 1.2732757e-03 1.8020227e-03 405715 1569.35310 1320.89196 9.2953760e+03 1.1624680e+01 1.1911331e+03 3.5966926e+00 1.0389331e+04 1.3220794e+01 0 "" "" "" "" 1569.35310 9.1229565e-04 1320.89196 9.7964448e-04 3.1305730e-02 -7.2056480e-02
1790.951496527916 1.0013028e+00 1.2731255e-03 1.8020393e-03 405716 1569.35497 1320.89415 9.2689824e+03 1.1623263e+01 1.1912067e+03 3.6064630e+00 1.0396780e+04 1.3219184e+01 0 "" "" "" "" 1569.35497 9.1806584e-04 1320.89415 9.8609086e-04 3.3970512e-02 -6.9670796e-02
1790.952885432984 9.9893993e-01 1.2732629e-03 1.8020561e-03 405717 1569.34883 1320.89793 9.2808604e+03 1.1624439e+01 1.1930045e+03 3.6107388e+00 1.0372177e+04 1.3220522e+01 0 "" "" "" "" 1569.34883 9.1284671e-04 1320.89793 9.8244834e-04 2.5949840e-02 -6.7317069e-02
1790.954274337935 9.9973565e-01 1.2728381e-03 1.8020727e-03 405718 1569.34533 1320.89485 9.2837344e+03 1.1620562e+01 1.1895181e+03 3.5990987e+00 1.0380438e+04 1.3216111e+01 0 "" "" "" "" 1569.34533 9.1220671e-04 1320.89485 9.8183879e-04 2.4231480e-02 -7.0583187e-02
1790.9570521479516 1.0025051e+00 1.2760010e-03 1.8021062e-03 405720 1569.35687 1320.89173 9.3172715e+03 1.1649438e+01 1.1922764e+03 3.5996945e+00 1.0409194e+04 1.3248952e+01 0 "" "" "" "" 1569.35687 9.1285480e-04 1320.89173 9.8244241e-04 3.7727624e-02 -7.2947532e-02
1790.9584410529021 1.0000802e+00 1.2736557e-03 1.8021228e-03 405721 1569.35144 1320.89636 9.2929150e+03 1.1628027e+01 1.1949155e+03 3.6045470e+00 1.0384016e+04 1.3224601e+01 0 "" "" "" "" 1569.35144 9.1275579e-04 1320.89636 9.8145055e-04 2.8672382e-02 -6.8969250e-02
1790.959829957969 1.0006633e+00 1.2744298e-03 1.8021396e-03 405722 1569.34720 1320.89161 9.2993633e+03 1.1634609e+01 1.1867081e+03 3.6026464e+00 1.0389638e+04 1.3232088e+01 0 "" "" "" "" 1569.34720 9.1158191e-04 1320.89161 9.8237884e-04 2.3027901e-02 -7.4290000e-02
1790.9612188629196 1.0007771e+00 1.2739319e-03 1.8021562e-03 405723 1569.35825 1320.89740 9.2964355e+03 1.1630065e+01 1.1919442e+03 3.5949235e+00 1.0390820e+04 1.3226919e+01 0 "" "" "" "" 1569.35825 9.1244403e-04 1320.89740 9.8299526e-04 3.7163913e-02 -6.9286890e-02
1790.9626077678702 1.0020094e+00 1.2749215e-03 1.8021729e-03 405724 1569.35002 1320.89466 9.3133242e+03 1.1639098e+01 1.1967465e+03 3.6026049e+00 1.0403615e+04 1.3237193e+01 0 "" "" "" "" 1569.35002 9.1234967e-04 1320.89466 9.7971875e-04 2.8580245e-02 -6.9875114e-02
1790.9639966728198 1.0000521e+00 1.2736126e-03 1.8021895e-03 405725 1569.35109 1320.89047 9.2808438e+03 1.1627150e+01 1.2016555e+03 3.6083989e+00 1.0383293e+04 1.3223603e+01 0 "" "" "" "" 1569.35109 9.1312907e-04 1320.89047 9.8418631e-04 2.9972080e-02 -7.6460972e-02
1790.9653855777706 1.0028085e+00 1.2745986e-03 1.8022062e-03 405726 1569.35068 1320.90922 9.3033281e+03 1.1636151e+01 1.1877476e+03 3.6023624e+00 1.0411911e+04 1.3233841e+01 0 "" "" "" "" 1569.35068 9.1158494e-04 1320.90922 9.8615501e-04 2.9637430e-02 -5.2660652e-02
1790.9667744828378 1.0017235e+00 1.2742983e-03 1.8022229e-03 405727 1569.35272 1320.88749 9.3001768e+03 1.1633176e+01 1.1883148e+03 3.6010263e+00 1.0400438e+04 1.3230458e+01 0 "" "" "" "" 1569.35272 9.1390824e-04 1320.88749 9.8177791e-04 3.1146443e-02 -7.9176106e-02
1790.9681633877874 1.0009894e+00 1.2740248e-03 1.8022396e-03 405728 1569.35169 1320.89659 9.3057520e+03 1.1630679e+01 1.1878561e+03 3.5949652e+00 1.0392816e+04 1.3227618e+01 0 "" "" "" "" 1569.35169 9.1051240e-04 1320.89659 9.7915973e-04 2.7903205e-02 -6.8082891e-02
1790.9695522927375 9.9993336e-01 1.2733279e-03 1.8022562e-03 405729 1569.34994 1320.89621 9.2940674e+03 1.1624316e+01 1.1896050e+03 3.5952179e+00 1.0381852e+04 1.3220382e+01 0 "" "" "" "" 1569.34994 9.1199373e-04 1320.89621 9.8022830e-04 2.8469075e-02 -6.8188831e-02
1790.970941197688 9.9937743e-01 1.2745971e-03 1.8022729e-03 405730 1569.35449 1320.89690 9.2981699e+03 1.1635615e+01 1.1995156e+03 3.6066656e+00 1.0375821e+04 1.3233231e+01 0 "" "" "" "" 1569.35449 9.1153977e-04 1320.89690 9.8106230e-04 3.4143958e-02 -7.0605502e-02
1790.972330102639 1.0024008e+00 1.2750403e-03 1.8022895e-03 405731 1569.35206 1320.89680 9.3135449e+03 1.1639660e+01 1.1959292e+03 3.6042888e+00 1.0407210e+04 1.3237832e+01 0 "" "" "" "" 1569.35206 9.1168110e-04 1320.89680 9.7927777e-04 2.9958846e-02 -6.8047836e-02
1790.9737190075898 1.0001193e+00 1.2735600e-03 1.8023062e-03 405732 1569.35056 1320.89672 9.2917354e+03 1.1626146e+01 1.1916382e+03 3.6045742e+00 1.0383524e+04 1.3222463e+01 0 "" "" "" "" 1569.35056 9.1126398e-04 1320.89672 9.8242308e-04 2.9663634e-02 -6.7674980e-02
1790.9751079125397 1.0017046e+00 1.2754516e-03 1.8023228e-03 405733 1569.35522 1320.89336 9.3132285e+03 1.1643415e+01 1.1909113e+03 3.6087363e+00 1.0399982e+04 1.3242103e+01 0 "" "" "" "" 1569.35522 9.0989249e-04 1320.89336 9.8302204e-04 3.5723954e-02 -7.3419578e-02
1790.9778857224394 1.0005231e+00 1.2730994e-03 1.8023561e-03 405735 1569.34583 1320.89124 9.2916855e+03 1.1621943e+01 1.1872899e+03 3.5941033e+00 1.0387715e+04 1.3217682e+01 0 "" "" "" "" 1569.34583 9.1409840e-04 1320.89124 9.8047301e-04 2.2346981e-02 -7.4256204e-02
1790.9792746272744 1.0039265e+00 1.2748450e-03 1.8023726e-03 405736 1569.35128 1320.89939 9.3218613e+03 1.1637831e+01 1.1838490e+03 3.6022141e+00 1.0423010e+04 1.3235751e+01 0 "" "" "" "" 1569.35128 9.1310911e-04 1320.89939 9.7877707e-04 2.7588330e-02 -6.4745642e-02
1790.9806635322254 1.0007296e+00 1.2736222e-03 1.8023893e-03 405737 1569.35398 1320.88906 9.2909961e+03 1.1626669e+01 1.1911945e+03 3.6012239e+00 1.0389819e+04 1.3223057e+01 0 "" "" "" "" 1569.35398 9.1166212e-04 1320.88906 9.8433287e-04 3.4191538e-02 -7.4307308e-02
1790.9820524371755 1.0001576e+00 1.2732435e-03 1.8024059e-03 405738 1569.35197 1320.89527 9.2857930e+03 1.1623212e+01 1.1980037e+03 3.6026695e+00 1.0383881e+04 1.3219125e+01 0 "" "" "" "" 1569.35197 9.1231003e-04 1320.89527 9.8427583e-04 2.9284006e-02 -6.8769343e-02
1790.9834413421254 1.0013751e+00 1.2744842e-03 1.8024226e-03 405739 1569.35469 1320.89590 9.3053271e+03 1.1634538e+01 1.1930778e+03 3.6066308e+00 1.0396521e+04 1.3232006e+01 0 "" "" "" "" 1569.35469 9.1087742e-04 1320.89590 9.8028989e-04 3.3192396e-02 -6.9451779e-02
1790.9848302470753 1.0005403e+00 1.2737887e-03 1.8024392e-03 405740 1569.35268 1320.89536 9.2962295e+03 1.1627982e+01 1.1901750e+03 3.6071174e+00 1.0387667e+04 1.3224549e+01 0 "" "" "" "" 1569.35268 9.1123243e-04 1320.89536 9.7998278e-04 3.0255698e-02 -7.1129255e-02
1790.9862191519094 9.9954671e-01 1.2728436e-03 1.8024558e-03 405741 1569.34789 1320.90068 9.2701445e+03 1.1619353e+01 1.1945150e+03 3.6094639e+00 1.0377353e+04 1.3214737e+01 0 "" "" "" "" 1569.34789 9.1825775e-04 1320.90068 9.8077755e-04 2.2836894e-02 -6.4024135e-02
1790.9876080568608 1.0006456e+00 1.2740045e-03 1.8024724e-03 405742 1569.35299 1320.89556 9.2932812e+03 1.1629950e+01 1.1956176e+03 3.6018846e+00 1.0388762e+04 1.3226789e+01 0 "" "" "" "" 1569.35299 9.1230008e-04 1320.89556 9.8078477e-04 3.1662006e-02 -6.8934187e-02
1790.9889969618114 1.0013163e+00 1.2740402e-03 1.8024890e-03 405743 1569.36098 1320.90003 9.3006104e+03 1.1630276e+01 1.1881195e+03 3.6007917e+00 1.0395725e+04 1.3227160e+01 0 "" "" "" "" 1569.36098 9.1255421e-04 1320.90003 9.8114088e-04 3.9742626e-02 -6.4233422e-02
1790.9903858666446 1.0025842e+00 1.2742302e-03 1.8025056e-03 405744 1569.36053 1320.89381 9.3084775e+03 1.1631780e+01 1.1893889e+03 3.5980799e+00 1.0408682e+04 1.3228869e+01 0 "" "" "" "" 1569.36053 9.1179000e-04 1320.89381 9.8080712e-04 3.9274443e-02 -7.1917169e-02
1790.9917747715947 1.0046397e+00 1.2752803e-03 1.8025222e-03 405745 1569.34397 1320.89087 9.3325557e+03 1.1641238e+01 1.1890312e+03 3.5942566e+00 1.0429908e+04 1.3239628e+01 0 "" "" "" "" 1569.34397 9.0956263e-04 1320.89087 9.7770826e-04 2.2089584e-02 -7.2144628e-02
1790.9931636764288 9.9884897e-01 1.2722441e-03 1.8025388e-03 405746 1569.35384 1320.89923 9.2691787e+03 1.1613523e+01 1.1897751e+03 3.6051238e+00 1.0369790e+04 1.3208107e+01 0 "" "" "" "" 1569.35384 9.1253372e-04 1320.89923 9.8463998e-04 3.2260682e-02 -6.2832244e-02
1790.9945525813794 9.9838185e-01 1.2726120e-03 1.8025554e-03 405747 1569.34919 1320.89255 9.2613428e+03 1.1616882e+01 1.1927103e+03 3.6079502e+00 1.0364940e+04 1.3211926e+01 0 "" "" "" "" 1569.34919 9.1536302e-04 1320.89255 9.8448875e-04 2.4524447e-02 -7.3347420e-02
1790.9959414863295 1.0005997e+00 1.2749244e-03 1.8025720e-03 405748 1569.35576 1320.89778 9.3013691e+03 1.1637992e+01 1.1969032e+03 3.6144915e+00 1.0387966e+04 1.3235933e+01 0 "" "" "" "" 1569.35576 9.1011525e-04 1320.89778 9.8224205e-04 3.5649113e-02 -6.5614782e-02
1790.9973303911636 1.0029269e+00 1.2750669e-03 1.8025886e-03 405749 1569.35139 1320.89319 9.3194922e+03 1.1638990e+01 1.1922601e+03 3.5974944e+00 1.0411856e+04 1.3237070e+01 0 "" "" "" "" 1569.35139 9.1129501e-04 1320.89319 9.7874564e-04 3.1480420e-02 -7.2252221e-02
1790.9987192959977 1.0008020e+00 1.2741383e-03 1.8026051e-03 405750 1569.35358 1320.89639 9.2994492e+03 1.1630168e+01 1.1946423e+03 3.5997260e+00 1.0389488e+04 1.3227036e+01 0 "" "" "" "" 1569.35358 9.1385603e-04 1320.89639 9.8001561e-04 3.0946435e-02 -6.8216667e-02
1791.0001082009483 1.0007693e+00 1.2736097e-03 1.8026218e-03 405751 1569.35281 1320.89557 9.2933447e+03 1.1625344e+01 1.1873982e+03 3.5967603e+00 1.0389147e+04 1.3221549e+01 0 "" "" "" "" 1569.35281 9.1100315e-04 1320.89557 9.8298490e-04 2.9157642e-02 -6.9027737e-02
1791.0014971057824 1.0028429e+00 1.2745720e-03 1.8026383e-03 405752 1569.35858 1320.89589 9.3122979e+03 1.1633912e+01 1.1882640e+03 3.5940588e+00 1.0410483e+04 1.3231295e+01 0 "" "" "" "" 1569.35858 9.1199088e-04 1320.89589 9.8060211e-04 3.6461774e-02 -6.9188945e-02
1791.0028860107325 1.0012472e+00 1.2737401e-03 1.8026549e-03 405753 1569.34707 1320.89404 9.3027480e+03 1.1626319e+01 1.1884824e+03 3.5942876e+00 1.0393918e+04 1.3222659e+01 0 "" "" "" "" 1569.34707 9.1058842e-04 1320.89404 9.8123157e-04 2.3331543e-02 -6.8145812e-02
1791.0042749155657 1.0014864e+00 1.2736694e-03 1.8026715e-03 405754 1569.35549 1320.89899 9.2943154e+03 1.1625674e+01 1.1870426e+03 3.5994473e+00 1.0396402e+04 1.3221926e+01 0 "" "" "" "" 1569.35549 9.1260648e-04 1320.89899 9.7981677e-04 3.3663690e-02 -6.5288052e-02
1791.0056638203998 1.0010778e+00 1.2745396e-03 1.8026880e-03 405755 1569.34811 1320.89471 9.2990059e+03 1.1633616e+01 1.1932286e+03 3.6034334e+00 1.0392160e+04 1.3230959e+01 0 "" "" "" "" 1569.34811 9.1415219e-04 1320.89471 9.8017417e-04 2.4504589e-02 -7.2183758e-02
1791.0070527253513 1.0002793e+00 1.2734209e-03 1.8027046e-03 405756 1569.36055 1320.90929 9.2818418e+03 1.1623405e+01 1.1910940e+03 3.5959010e+00 1.0383871e+04 1.3219345e+01 0 "" "" "" "" 1569.36055 9.1289228e-04 1320.90929 9.8438282e-04 3.8892165e-02 -5.3227063e-02
1791.0084416301854 1.0030633e+00 1.2746577e-03 1.8027212e-03 405757 1569.34946 1320.88692 9.3108623e+03 1.1634696e+01 1.1878163e+03 3.5962105e+00 1.0412772e+04 1.3232185e+01 0 "" "" "" "" 1569.34946 9.1173244e-04 1320.88692 9.8367513e-04 2.6528852e-02 -7.9537407e-02
1791.0098305350186 1.0052394e+00 1.2758540e-03 1.8027377e-03 405758 1569.34613 1320.89653 9.3382646e+03 1.1645615e+01 1.1892072e+03 3.5979984e+00 1.0435361e+04 1.3244603e+01 0 "" "" "" "" 1569.34613 9.0917764e-04 1320.89653 9.7679149e-04 2.3227444e-02 -6.9260024e-02
1791.0112194398523 1.0004026e+00 1.2736337e-03 1.8027542e-03 405759 1569.35519 1320.89587 9.2924111e+03 1.1625348e+01 1.1915161e+03 3.5972009e+00 1.0385150e+04 1.3221555e+01 0 "" "" "" "" 1569.35519 9.1153756e-04 1320.89587 9.8336360e-04 3.5617307e-02 -7.0568435e-02
1791.012608344686 1.0015363e+00 1.2746170e-03 1.8027708e-03 405760 1569.35268 1320.90016 9.3056953e+03 1.1634324e+01 1.1937876e+03 3.6027482e+00 1.0396920e+04 1.3231763e+01 0 "" "" "" "" 1569.35268 9.1015600e-04 1320.90016 9.8012690e-04 3.0022524e-02 -6.5675102e-02
1791.013997249637 1.0001227e+00 1.2741553e-03 1.8027874e-03 405761 1569.35417 1320.89488 9.2886807e+03 1.1630111e+01 1.1965228e+03 3.6082082e+00 1.0382244e+04 1.3226971e+01 0 "" "" "" "" 1569.35417 9.1329427e-04 1320.89488 9.8130025e-04 3.3384379e-02 -6.7402340e-02
1791.015386154472 1.0017905e+00 1.2751108e-03 1.8028039e-03 405762 1569.35102 1320.89372 9.3139248e+03 1.1638830e+01 1.1892753e+03 3.6068692e+00 1.0399560e+04 1.3236888e+01 0 "" "" "" "" 1569.35102 9.0957782e-04 1320.89372 9.7946555e-04 2.9743791e-02 -7.3246166e-02
1791.0167750593052 1.0025190e+00 1.2743409e-03 1.8028205e-03 405763 1569.35270 1320.89892 9.3115518e+03 1.1631804e+01 1.1871545e+03 3.5928042e+00 1.0407121e+04 1.3228896e+01 0 "" "" "" "" 1569.35270 9.1002136e-04 1320.89892 9.8030281e-04 3.1490918e-02 -6.4665332e-02
1791.018163964139 9.9808842e-01 1.2727955e-03 1.8028370e-03 405764 1569.34650 1320.89584 9.2648809e+03 1.1617608e+01 1.1974414e+03 3.6064038e+00 1.0361047e+04 1.3212751e+01 0 "" "" "" "" 1569.34650 9.1547525e-04 1320.89584 9.8271784e-04 2.3663044e-02 -6.7199342e-02
1791.0195528689721 9.9929988e-01 1.2732481e-03 1.8028535e-03 405765 1569.36122 1320.89803 9.2728213e+03 1.1621313e+01 1.1933744e+03 3.6042573e+00 1.0373244e+04 1.3216967e+01 0 "" "" "" "" 1569.36122 9.1355800e-04 1320.89803 9.8369422e-04 4.1426245e-02 -6.7756988e-02
1791.0209417738065 1.0013344e+00 1.2742977e-03 1.8028701e-03 405766 1569.34440 1320.89194 9.2962998e+03 1.1630893e+01 1.1912858e+03 3.6057017e+00 1.0394362e+04 1.3227861e+01 0 "" "" "" "" 1569.34440 9.1270189e-04 1320.89194 9.8094949e-04 2.2270838e-02 -7.2940141e-02
1791.0223306786413 1.0011121e+00 1.2735643e-03 1.8028866e-03 405767 1569.36072 1320.89482 9.2899814e+03 1.1624200e+01 1.1884467e+03 3.5982845e+00 1.0392055e+04 1.3220248e+01 0 "" "" "" "" 1569.36072 9.1383961e-04 1320.89482 9.8214601e-04 3.9614666e-02 -7.1520634e-02
1791.0237195834754 1.0008533e+00 1.2735274e-03 1.8029031e-03 405768 1569.35410 1320.89868 9.2928320e+03 1.1623863e+01 1.1889270e+03 3.5945902e+00 1.0389369e+04 1.3219866e+01 0 "" "" "" "" 1569.35410 9.1115863e-04 1320.89868 9.8287221e-04 3.1393051e-02 -6.4993516e-02
1791.0251084883091 1.0014466e+00 1.2750082e-03 1.8029197e-03 405769 1569.35194 1320.89055 9.3119697e+03 1.1637378e+01 1.1905626e+03 3.5965385e+00 1.0395527e+04 1.3235236e+01 0 "" "" "" "" 1569.35194 9.1030414e-04 1320.89055 9.7926520e-04 3.1517461e-02 -7.4379757e-02
1791.026497393026 1.0009613e+00 1.2747621e-03 1.8029361e-03 405770 1569.34892 1320.89478 9.3059873e+03 1.1635122e+01 1.1919769e+03 3.6052258e+00 1.0390481e+04 1.3232671e+01 0 "" "" "" "" 1569.34892 9.1053982e-04 1320.89478 9.8019221e-04 2.7650012e-02 -6.9297068e-02
1791.02788629786 1.0007522e+00 1.2737192e-03 1.8029526e-03 405771 1569.35227 1320.90077 9.2852266e+03 1.1625605e+01 1.1913646e+03 3.5968659e+00 1.0388311e+04 1.3221846e+01 0 "" "" "" "" 1569.35227 9.1465213e-04 1320.90077 9.8506582e-04 3.0493420e-02 -6.2165350e-02
1791.0292752026942 1.0049725e+00 1.2754684e-03 1.8029691e-03 405772 1569.35336 1320.88958 9.3317256e+03 1.1641497e+01 1.1850609e+03 3.5945354e+00 1.0432055e+04 1.3239921e+01 0 "" "" "" "" 1569.35336 9.1026799e-04 1320.88958 9.7965449e-04 3.2852869e-02 -7.7346899e-02
1791.0306641075279 9.9894643e-01 1.2728934e-03 1.8029857e-03 405773 1569.35633 1320.89786 9.2745059e+03 1.1617994e+01 1.1916470e+03 3.6021500e+00 1.0369502e+04 1.3213192e+01 0 "" "" "" "" 1569.35633 9.1257616e-04 1320.89786 9.8338292e-04 3.6008704e-02 -6.5358482e-02
1791.032053012362 1.0015196e+00 1.2744471e-03 1.8030022e-03 405774 1569.35113 1320.89504 9.3061309e+03 1.1632039e+01 1.1899788e+03 3.6062617e+00 1.0396091e+04 1.3229165e+01 0 "" "" "" "" 1569.35113 9.1067771e-04 1320.89504 9.7986008e-04 2.9244499e-02 -6.8377011e-02
1791.0334419170797 1.0014241e+00 1.2737146e-03 1.8030186e-03 405775 1569.34945 1320.89837 9.2946797e+03 1.1625311e+01 1.1892205e+03 3.5980475e+00 1.0395062e+04 1.3221512e+01 0 "" "" "" "" 1569.34945 9.1283873e-04 1320.89837 9.8091143e-04 2.7725007e-02 -6.5454833e-02
1791.0348308219138 1.0006582e+00 1.2740039e-03 1.8030351e-03 405776 1569.35216 1320.89127 9.3013613e+03 1.1627953e+01 1.1890117e+03 3.5985177e+00 1.0387110e+04 1.3224516e+01 0 "" "" "" "" 1569.35216 9.1017765e-04 1320.89127 9.8049873e-04 2.9231938e-02 -7.3718444e-02
1791.036219726748 9.9999744e-01 1.2734786e-03 1.8030517e-03 405777 1569.35558 1320.89772 9.2918564e+03 1.1623157e+01 1.1913473e+03 3.5925641e+00 1.0380252e+04 1.3219063e+01 0 "" "" "" "" 1569.35558 9.1109192e-04 1320.89772 9.8324008e-04 3.6646511e-02 -6.7317151e-02
1791.0376086315816 1.0005060e+00 1.2726508e-03 1.8030682e-03 405778 1569.34891 1320.89557 9.2891240e+03 1.1615602e+01 1.1823365e+03 3.5905850e+00 1.0385532e+04 1.3210470e+01 0 "" "" "" "" 1569.34891 9.1246841e-04 1320.89557 9.8188093e-04 2.6962232e-02 -6.7655236e-02
1791.0389975362987 1.0014285e+00 1.2734996e-03 1.8030846e-03 405779 1569.35139 1320.89385 9.2950234e+03 1.1623317e+01 1.1868843e+03 3.5929613e+00 1.0395080e+04 1.3219245e+01 0 "" "" "" "" 1569.35139 9.1282523e-04 1320.89385 9.8261808e-04 3.1322636e-02 -7.1762674e-02
1791.040386441133 1.0008410e+00 1.2734138e-03 1.8031012e-03 405780 1569.35446 1320.89347 9.2913545e+03 1.1622535e+01 1.1844082e+03 3.6031973e+00 1.0388981e+04 1.3218355e+01 0 "" "" "" "" 1569.35446 9.1165607e-04 1320.89347 9.8150980e-04 3.2820303e-02 -7.1233280e-02
1791.0417753458512 1.0018260e+00 1.2747265e-03 1.8031176e-03 405781 1569.34928 1320.89817 9.3065176e+03 1.1634516e+01 1.1904275e+03 3.6022480e+00 1.0399206e+04 1.3231981e+01 0 "" "" "" "" 1569.34928 9.1037841e-04 1320.89817 9.8110491e-04 2.5466206e-02 -6.5375209e-02
1791.0445531554026 1.0030556e+00 1.2751890e-03 1.8031505e-03 405783 1569.34877 1320.89952 9.3192705e+03 1.1638025e+01 1.1924102e+03 3.6004457e+00 1.0411333e+04 1.3235972e+01 0 "" "" "" "" 1569.34877 9.0985926e-04 1320.89952 9.7989326e-04 2.8728567e-02 -6.6328280e-02
1791.0459420602358 1.0030587e+00 1.2759373e-03 1.8031670e-03 405784 1569.35373 1320.89538 9.3184131e+03 1.1643961e+01 1.1908248e+03 3.6078463e+00 1.0410565e+04 1.3242724e+01 0 "" "" "" "" 1569.35373 9.0978522e-04 1320.89538 9.8118605e-04 3.2568861e-02 -6.9528162e-02
1791.047330964953 1.0055022e+00 1.2768983e-03 1.8031835e-03 405785 1569.34865 1320.89404 9.3422314e+03 1.1652734e+01 1.1866663e+03 3.6077487e+00 1.0435927e+04 1.3252700e+01 0 "" "" "" "" 1569.34865 9.0976944e-04 1320.89404 9.7756460e-04 2.7207470e-02 -6.8586856e-02
1791.0487198697879 1.0020769e+00 1.2746971e-03 1.8032000e-03 405786 1569.35179 1320.89609 9.3064248e+03 1.1632645e+01 1.1857916e+03 3.6062984e+00 1.0400376e+04 1.3229853e+01 0 "" "" "" "" 1569.35179 9.1073097e-04 1320.89609 9.7969733e-04 2.9460186e-02 -7.0063084e-02
1791.0501087745063 1.0010242e+00 1.2740573e-03 1.8032164e-03 405787 1569.35472 1320.90154 9.2955449e+03 1.1626141e+01 1.1847715e+03 3.5950019e+00 1.0388856e+04 1.3222456e+01 0 "" "" "" "" 1569.35472 9.1156363e-04 1320.90154 9.8172470e-04 3.3909712e-02 -6.1735123e-02
1791.05149767934 1.0014064e+00 1.2735099e-03 1.8032329e-03 405788 1569.35339 1320.88899 9.2918789e+03 1.1621145e+01 1.1859469e+03 3.5999854e+00 1.0392824e+04 1.3216775e+01 0 "" "" "" "" 1569.35339 9.1180310e-04 1320.88899 9.8372088e-04 3.1669762e-02 -7.6133266e-02
1791.0528865840568 9.9809605e-01 1.2731747e-03 1.8032494e-03 405789 1569.35365 1320.90152 9.2710576e+03 1.1618087e+01 1.1954087e+03 3.5987792e+00 1.0358468e+04 1.3213297e+01 0 "" "" "" "" 1569.35365 9.1297913e-04 1320.90152 9.8436652e-04 3.3536013e-02 -6.2190223e-02
1791.054275488774 1.0004842e+00 1.2749220e-03 1.8032658e-03 405790 1569.35140 1320.89490 9.3035859e+03 1.1634031e+01 1.1887329e+03 3.5957515e+00 1.0383253e+04 1.3231430e+01 0 "" "" "" "" 1569.35140 9.0972468e-04 1320.89490 9.8002527e-04 3.1779569e-02 -7.0723511e-02
1791.0556643936081 1.0032691e+00 1.2752287e-03 1.8032823e-03 405791 1569.35399 1320.89312 9.3154766e+03 1.1635849e+01 1.1823319e+03 3.6049380e+00 1.0411276e+04 1.3233497e+01 0 "" "" "" "" 1569.35399 9.1270532e-04 1320.89312 9.7864424e-04 3.2730199e-02 -7.1357593e-02
1791.0570532983259 9.9977219e-01 1.2729105e-03 1.8032987e-03 405792 1569.34679 1320.90569 9.2571172e+03 1.1614697e+01 1.1899874e+03 3.6009185e+00 1.0374988e+04 1.3209440e+01 0 "" "" "" "" 1569.34679 9.1645663e-04 1320.90569 9.8801905e-04 2.3440387e-02 -5.7039864e-02
1791.0584422030436 9.9965185e-01 1.2728444e-03 1.8033151e-03 405793 1569.36342 1320.89980 9.2694062e+03 1.1614093e+01 1.1878523e+03 3.5945373e+00 1.0373739e+04 1.3208754e+01 0 "" "" "" "" 1569.36342 9.1327308e-04 1320.89980 9.8481355e-04 4.3602504e-02 -6.5544121e-02
1791.0598311077613 1.0028073e+00 1.2765501e-03 1.8033315e-03 405794 1569.35090 1320.88875 9.3143232e+03 1.1647252e+01 1.1911367e+03 3.6163323e+00 1.0405899e+04 1.3246466e+01 0 "" "" "" "" 1569.35090 9.1360410e-04 1320.88875 9.8154845e-04 2.8759619e-02 -7.9611711e-02
1791.0612200124785 1.0005654e+00 1.2736076e-03 1.8033480e-03 405795 1569.35599 1320.89932 9.2896455e+03 1.1619757e+01 1.1840702e+03 3.5943987e+00 1.0382059e+04 1.3215196e+01 0 "" "" "" "" 1569.35599 9.1254350e-04 1320.89932 9.8008977e-04 3.6993835e-02 -6.2888615e-02
1791.0626089173127 1.0014091e+00 1.2739688e-03 1.8033645e-03 405796 1569.35108 1320.89677 9.2860996e+03 1.1622829e+01 1.1889878e+03 3.6035287e+00 1.0390611e+04 1.3218690e+01 0 "" "" "" "" 1569.35108 9.1071869e-04 1320.89677 9.8532357e-04 2.9065311e-02 -6.7836195e-02
1791.0639978220304 1.0011399e+00 1.2749130e-03 1.8033809e-03 405797 1569.35290 1320.89574 9.2951846e+03 1.1631252e+01 1.1928575e+03 3.6085446e+00 1.0387649e+04 1.3228270e+01 0 "" "" "" "" 1569.35290 9.1217615e-04 1320.89574 9.8119676e-04 3.1098088e-02 -6.6873036e-02
1791.0653867267472 1.0006678e+00 1.2747855e-03 1.8033973e-03 405798 1569.35085 1320.89375 9.2995723e+03 1.1630089e+01 1.1840509e+03 3.5955663e+00 1.0382751e+04 1.3226947e+01 0 "" "" "" "" 1569.35085 9.1181055e-04 1320.89375 9.7979791e-04 2.8567100e-02 -7.0959374e-02
1791.0667756314651 1.0024226e+00 1.2747548e-03 1.8034137e-03 405799 1569.35467 1320.89524 9.3104189e+03 1.1629809e+01 1.1863406e+03 3.5905674e+00 1.0400958e+04 1.3226629e+01 0 "" "" "" "" 1569.35467 9.1027876e-04 1320.89524 9.7961363e-04 3.3916932e-02 -6.7751572e-02
1791.068164536183 9.9883384e-01 1.2738936e-03 1.8034301e-03 405800 1569.34926 1320.89659 9.2818027e+03 1.1621610e+01 1.1920874e+03 3.5981715e+00 1.0363416e+04 1.3217303e+01 0 "" "" "" "" 1569.34926 9.1260916e-04 1320.89659 9.8272820e-04 2.7293839e-02 -6.6378593e-02
1791.0695534409008 1.0017538e+00 1.2743749e-03 1.8034466e-03 405801 1569.35070 1320.89515 9.2959395e+03 1.1625717e+01 1.1888214e+03 3.5962324e+00 1.0393459e+04 1.3221974e+01 0 "" "" "" "" 1569.35070 9.1193197e-04 1320.89515 9.8185358e-04 2.8982408e-02 -6.9244944e-02
1791.0709423456185 1.0022979e+00 1.2744955e-03 1.8034630e-03 405802 1569.34901 1320.89886 9.3000654e+03 1.1626510e+01 1.1864664e+03 3.6002660e+00 1.0398828e+04 1.3222877e+01 0 "" "" "" "" 1569.34901 9.1080362e-04 1320.89886 9.8378828e-04 2.5787456e-02 -6.3612111e-02
1791.0723312503353 1.0006304e+00 1.2747333e-03 1.8034794e-03 405803 1569.35792 1320.89453 9.2980801e+03 1.1627279e+01 1.1819553e+03 3.5898428e+00 1.0380278e+04 1.3223751e+01 0 "" "" "" "" 1569.35792 9.1190491e-04 1320.89453 9.8189921e-04 3.6714979e-02 -6.9556989e-02
1791.0737201550526 1.0002594e+00 1.2747122e-03 1.8034958e-03 405804 1569.35330 1320.89791 9.2853477e+03 1.1626820e+01 1.1964138e+03 3.6056571e+00 1.0376191e+04 1.3223228e+01 0 "" "" "" "" 1569.35330 9.1165234e-04 1320.89791 9.8211039e-04 3.0697556e-02 -6.7534544e-02
1791.0751090597703 9.9814659e-01 1.2726202e-03 1.8035122e-03 405805 1569.35105 1320.89224 9.2567842e+03 1.1607541e+01 1.1894093e+03 3.5960426e+00 1.0354098e+04 1.3201302e+01 0 "" "" "" "" 1569.35105 9.1508933e-04 1320.89224 9.8644639e-04 2.7599184e-02 -7.3110752e-02
1791.0764979644887 9.9814433e-01 1.2740445e-03 1.8035286e-03 405806 1569.35771 1320.89784 9.2747373e+03 1.1620531e+01 1.1968286e+03 3.6070910e+00 1.0354074e+04 1.3216077e+01 0 "" "" "" "" 1569.35771 9.1140624e-04 1320.89784 9.8311494e-04 3.6284465e-02 -6.6328138e-02
1791.0778868692066 1.0021751e+00 1.2754259e-03 1.8035450e-03 405807 1569.34780 1320.89825 9.3107490e+03 1.1633041e+01 1.1906099e+03 3.5982797e+00 1.0395807e+04 1.3230304e+01 0 "" "" "" "" 1569.34780 9.1131451e-04 1320.89825 9.7968255e-04 2.5577802e-02 -6.5899551e-02
1791.079275773807 1.0015966e+00 1.2756735e-03 1.8035613e-03 405808 1569.35453 1320.89414 9.3072334e+03 1.1634102e+01 1.1912748e+03 3.5986235e+00 1.0388736e+04 1.3231511e+01 0 "" "" "" "" 1569.35453 9.1089588e-04 1320.89414 9.8110328e-04 3.3883475e-02 -7.1317315e-02
1791.0806646785243 1.0024749e+00 1.2768746e-03 1.8035778e-03 405809 1569.35098 1320.89849 9.3123682e+03 1.1643522e+01 1.1962001e+03 3.6115942e+00 1.0396479e+04 1.3242225e+01 0 "" "" "" "" 1569.35098 9.1360277e-04 1320.89849 9.7953563e-04 2.8288567e-02 -6.4099260e-02
1791.082053583241 1.0018750e+00 1.2771833e-03 1.8035942e-03 405810 1569.35580 1320.89002 9.3140732e+03 1.1646216e+01 1.1956962e+03 3.6023407e+00 1.0390148e+04 1.3245289e+01 0 "" "" "" "" 1569.35580 9.1040228e-04 1320.89002 9.8130177e-04 3.5638887e-02 -7.5664841e-02
1791.0834424879597 1.0019236e+00 1.2766311e-03 1.8036106e-03 405811 1569.35302 1320.89976 9.3087188e+03 1.1640157e+01 1.1894451e+03 3.6049795e+00 1.0389737e+04 1.3238397e+01 0 "" "" "" "" 1569.35302 9.1032073e-04 1320.89976 9.8261971e-04 3.0013459e-02 -6.1685532e-02
1791.0848313925617 1.0025980e+00 1.2760363e-03 1.8036269e-03 405812 1569.35287 1320.89652 9.2983301e+03 1.1634409e+01 1.1880251e+03 3.6078610e+00 1.0396442e+04 1.3231859e+01 0 "" "" "" "" 1569.35287 9.1320055e-04 1320.89652 9.8303601e-04 2.8755840e-02 -6.7134000e-02
1791.0862202972787 1.0021802e+00 1.2755023e-03 1.8036433e-03 405813 1569.35184 1320.89920 9.2937500e+03 1.1628329e+01 1.1957063e+03 3.6065581e+00 1.0391026e+04 1.3224944e+01 0 "" "" "" "" 1569.35184 9.1265055e-04 1320.89920 9.8185765e-04 3.0614072e-02 -6.3829586e-02
1791.087609201996 1.0017102e+00 1.2762041e-03 1.8036597e-03 405814 1569.35353 1320.89696 9.3032861e+03 1.1633402e+01 1.1904509e+03 3.6000402e+00 1.0384970e+04 1.3230715e+01 0 "" "" "" "" 1569.35353 9.1052381e-04 1320.89696 9.8004867e-04 3.3770923e-02 -6.6233762e-02
1791.0889981067128 9.9955910e-01 1.2751429e-03 1.8036761e-03 405815 1569.34890 1320.89402 9.2724199e+03 1.1623728e+01 1.1944340e+03 3.6069961e+00 1.0362669e+04 1.3219712e+01 0 "" "" "" "" 1569.34890 9.1555313e-04 1320.89402 9.8506187e-04 2.7876254e-02 -7.0039064e-02
1791.090387011314 1.0047129e+00 1.2779451e-03 1.8036924e-03 405816 1569.35572 1320.89743 9.3257090e+03 1.1648295e+01 1.1973867e+03 3.6046562e+00 1.0415226e+04 1.3247652e+01 0 "" "" "" "" 1569.35572 9.1170316e-04 1320.89743 9.8162692e-04 3.4673925e-02 -6.9102444e-02
1791.0917759160318 1.0026816e+00 1.2766591e-03 1.8037088e-03 405817 1569.35224 1320.89961 9.3131289e+03 1.1636574e+01 1.1905664e+03 3.5987856e+00 1.0394168e+04 1.3234322e+01 0 "" "" "" "" 1569.35224 9.1047265e-04 1320.89961 9.8016392e-04 2.8157901e-02 -6.4783134e-02
1791.093164820633 1.0022007e+00 1.2748609e-03 1.8037251e-03 405818 1569.35872 1320.89296 9.2775186e+03 1.1619995e+01 1.1909438e+03 3.5958710e+00 1.0389016e+04 1.3215467e+01 0 "" "" "" "" 1569.35872 9.1450301e-04 1320.89296 9.8405045e-04 3.7258990e-02 -7.2982050e-02
1791.094553725351 9.9990970e-01 1.2749481e-03 1.8037416e-03 405819 1569.35246 1320.90098 9.2772188e+03 1.1620313e+01 1.1878606e+03 3.6012554e+00 1.0364841e+04 1.3215829e+01 0 "" "" "" "" 1569.35246 9.1350637e-04 1320.90098 9.8502485e-04 2.9488841e-02 -6.1186131e-02
1791.0959426299517 9.9935836e-01 1.2752230e-03 1.8037579e-03 405820 1569.35413 1320.89827 9.2794814e+03 1.1622817e+01 1.1927257e+03 3.6030028e+00 1.0359126e+04 1.3218677e+01 0 "" "" "" "" 1569.35413 9.1338938e-04 1320.89827 9.8324707e-04 3.1961307e-02 -6.5995269e-02
1791.0973315346694 1.0020844e+00 1.2770552e-03 1.8037743e-03 405821 1569.34891 1320.89278 9.3057617e+03 1.1639459e+01 1.1951676e+03 3.6079400e+00 1.0387330e+04 1.3237602e+01 0 "" "" "" "" 1569.34891 9.1132219e-04 1320.89278 9.8095345e-04 2.6371846e-02 -7.1546376e-02
1791.0987204392707 1.0015013e+00 1.2773112e-03 1.8037906e-03 405822 1569.35539 1320.90017 9.3075283e+03 1.1640912e+01 1.1971948e+03 3.6092925e+00 1.0380502e+04 1.3239256e+01 0 "" "" "" "" 1569.35539 9.1165403e-04 1320.90017 9.8099245e-04 3.4699522e-02 -6.3580066e-02
1791.100109343988 1.0021660e+00 1.2756938e-03 1.8038070e-03 405823 1569.34681 1320.89788 9.3065488e+03 1.1626060e+01 1.1849159e+03 3.5926607e+00 1.0387292e+04 1.3222363e+01 0 "" "" "" "" 1569.34681 9.1149210e-04 1320.89788 9.7889372e-04 2.5722031e-02 -6.4070739e-02
1791.1014982485892 1.0067669e+00 1.2797444e-03 1.8038233e-03 405824 1569.36076 1320.90402 9.3555469e+03 1.1661371e+01 1.1866584e+03 3.5938339e+00 1.0433543e+04 1.3262525e+01 0 "" "" "" "" 1569.36076 9.0639159e-04 1320.90402 9.7864459e-04 4.2292457e-02 -6.4196050e-02
1791.102887153307 1.0022025e+00 1.2772632e-03 1.8038397e-03 405825 1569.35093 1320.88916 9.3081807e+03 1.1637922e+01 1.1893363e+03 3.5980837e+00 1.0385493e+04 1.3235855e+01 0 "" "" "" "" 1569.35093 9.1079716e-04 1320.88916 9.8076230e-04 3.0225866e-02 -7.6337285e-02
1791.1042760579082 1.0025780e+00 1.2774270e-03 1.8038560e-03 405826 1569.35258 1320.89632 9.3172383e+03 1.1637593e+01 1.1876011e+03 3.5961947e+00 1.0387758e+04 1.3235481e+01 0 "" "" "" "" 1569.35258 9.1002474e-04 1320.89632 9.7980176e-04 3.0509990e-02 -6.8420358e-02
1791.1056649625095 1.0007832e+00 1.2767297e-03 1.8038723e-03 405827 1569.35558 1320.89946 9.2951807e+03 1.1629086e+01 1.1922596e+03 3.6023519e+00 1.0367240e+04 1.3225804e+01 0 "" "" "" "" 1569.35558 9.1082591e-04 1320.89946 9.8063471e-04 3.4763310e-02 -6.5263465e-02
1791.1070538672268 1.0007629e+00 1.2766115e-03 1.8038887e-03 405828 1569.34739 1320.89335 9.2832480e+03 1.1627268e+01 1.1949980e+03 3.6151218e+00 1.0366370e+04 1.3223738e+01 0 "" "" "" "" 1569.34739 9.1201963e-04 1320.89335 9.8206988e-04 2.4181945e-02 -7.0665717e-02
1791.1084427718272 1.0027224e+00 1.2784797e-03 1.8039050e-03 405829 1569.35508 1320.90164 9.3012939e+03 1.1639372e+01 1.1905420e+03 3.6027837e+00 1.0382285e+04 1.3237504e+01 0 "" "" "" "" 1569.35508 9.1243797e-04 1320.90164 9.8338712e-04 3.4106325e-02 -6.3166551e-02
1791.1098316764285 1.0011714e+00 1.2769449e-03 1.8039213e-03 405830 1569.35376 1320.89320 9.2822607e+03 1.1625372e+01 1.1920442e+03 3.6085386e+00 1.0366202e+04 1.3221581e+01 0 "" "" "" "" 1569.35376 9.1159955e-04 1320.89320 9.8596129e-04 3.0259879e-02 -7.1770832e-02
