time flux flux_err timecorr cadenceno centroid_col centroid_row sap_flux sap_flux_err sap_bkg sap_bkg_err pdcsap_flux pdcsap_flux_err quality psf_centr1 psf_centr1_err psf_centr2 psf_centr2_err mom_centr1 mom_centr1_err mom_centr2 mom_centr2_err pos_corr1 pos_corr2
3299.157669719557 9.9971658e-01 1.3300668e-03 1.7083220e-03 1491625 1295.99059 1294.01698 9.0419824e+03 1.1738843e+01 1.4432837e+03 4.0446200e+00 9.7903770e+03 1.3025547e+01 0 "" "" "" "" 1295.99059 1.1520747e-03 1294.01698 9.5633016e-04 6.9446033e-03 -1.1699698e-03
3299.1590585824324 1.0020628e+00 1.3315548e-03 1.7082966e-03 1491626 1295.99233 1294.02018 9.0721836e+03 1.1751975e+01 1.4441572e+03 4.0369844e+00 9.8133535e+03 1.3040119e+01 0 "" "" "" "" 1295.99233 1.1496532e-03 1294.02018 9.5426274e-04 1.0041561e-02 3.8149501e-03
3299.1604474454243 1.0015248e+00 1.3310588e-03 1.7082713e-03 1491627 1295.98501 1294.01432 9.0489316e+03 1.1747598e+01 1.4490238e+03 4.0403242e+00 9.8080850e+03 1.3035262e+01 0 "" "" "" "" 1295.98501 1.1525209e-03 1294.01432 9.5597014e-04 2.2556977e-03 -3.1692351e-03
3299.1618363083 1.0027547e+00 1.3318426e-03 1.7082460e-03 1491628 1295.99134 1294.01322 9.0539355e+03 1.1754516e+01 1.4499308e+03 4.0514965e+00 9.8201299e+03 1.3042938e+01 0 "" "" "" "" 1295.99134 1.1531725e-03 1294.01322 9.5703459e-04 6.2106187e-03 -2.3214153e-03
3299.163225171176 1.0015469e+00 1.3309318e-03 1.7082206e-03 1491629 1295.99299 1294.01698 9.0532900e+03 1.1746476e+01 1.4486149e+03 4.0377417e+00 9.8083008e+03 1.3034018e+01 0 "" "" "" "" 1295.99299 1.1515716e-03 1294.01698 9.5631945e-04 9.4573135e-03 1.6212986e-03
3299.164614034168 1.0020335e+00 1.3316909e-03 1.7081953e-03 1491630 1295.98991 1294.01319 9.0577676e+03 1.1753176e+01 1.4504846e+03 4.0413070e+00 9.8130664e+03 1.3041452e+01 0 "" "" "" "" 1295.98991 1.1517542e-03 1294.01319 9.5594954e-04 4.9891160e-03 -3.0737536e-03
3299.1660028970446 1.0029920e+00 1.3321337e-03 1.7081699e-03 1491631 1295.99028 1294.01448 9.0631152e+03 1.1757085e+01 1.4523663e+03 4.0466747e+00 9.8224541e+03 1.3045788e+01 0 "" "" "" "" 1295.99028 1.1518960e-03 1294.01448 9.5514185e-04 7.6689553e-03 -3.1376611e-03
3299.1673917599205 1.0013009e+00 1.3308551e-03 1.7081446e-03 1491632 1295.99150 1294.01670 9.0473428e+03 1.1745800e+01 1.4480588e+03 4.0442729e+00 9.8058926e+03 1.3033266e+01 0 "" "" "" "" 1295.99150 1.1531804e-03 1294.01670 9.5697778e-04 8.7617049e-03 1.2630526e-03
3299.168780622797 1.0027148e+00 1.3305360e-03 1.7081192e-03 1491633 1295.99262 1294.01603 9.0524883e+03 1.1742983e+01 1.4474412e+03 4.0372000e+00 9.8197383e+03 1.3030142e+01 0 "" "" "" "" 1295.99262 1.1531144e-03 1294.01603 9.5595705e-04 8.1099737e-03 -1.0018355e-03
3299.1701694857898 1.0018133e+00 1.3319178e-03 1.7080939e-03 1491634 1295.98995 1294.01527 9.0392988e+03 1.1755178e+01 1.4553591e+03 4.0530815e+00 9.8109102e+03 1.3043674e+01 0 "" "" "" "" 1295.98995 1.1536385e-03 1294.01527 9.5865846e-04 6.2546553e-03 -1.5375752e-03
3299.1715583486653 1.0025803e+00 1.3305785e-03 1.7080685e-03 1491635 1295.99059 1294.01848 9.0445137e+03 1.1743358e+01 1.4453232e+03 4.0375867e+00 9.8184209e+03 1.3030558e+01 0 "" "" "" "" 1295.99059 1.1510036e-03 1294.01848 9.5724210e-04 7.1225879e-03 1.8490964e-03
3299.1729472115417 1.0025332e+00 1.3310874e-03 1.7080432e-03 1491636 1295.99119 1294.01545 9.0556621e+03 1.1747850e+01 1.4499241e+03 4.0417843e+00 9.8179600e+03 1.3035542e+01 0 "" "" "" "" 1295.99119 1.1525350e-03 1294.01545 9.5556985e-04 9.1083199e-03 -3.8936834e-03
3299.174336074418 1.0013124e+00 1.3312984e-03 1.7080178e-03 1491637 1295.98837 1294.01933 9.0556729e+03 1.1749712e+01 1.4475093e+03 4.0425687e+00 9.8060049e+03 1.3037608e+01 0 "" "" "" "" 1295.98837 1.1514692e-03 1294.01933 9.5533894e-04 5.8888425e-03 1.8161169e-03
3299.1757249372936 1.0009431e+00 1.3301889e-03 1.7079924e-03 1491638 1295.99094 1294.02055 9.0354795e+03 1.1739921e+01 1.4464543e+03 4.0489788e+00 9.8023877e+03 1.3026743e+01 0 "" "" "" "" 1295.99094 1.1537884e-03 1294.02055 9.5805555e-04 1.0709457e-02 3.3058487e-03
3299.17711380017 1.0013304e+00 1.3294428e-03 1.7079670e-03 1491639 1295.98905 1294.01534 9.0316699e+03 1.1733335e+01 1.4454230e+03 4.0371203e+00 9.8061807e+03 1.3019436e+01 0 "" "" "" "" 1295.98905 1.1540396e-03 1294.01534 9.6087123e-04 3.7374455e-03 -3.1061785e-03
3299.17850266293 1.0001651e+00 1.3297586e-03 1.7079415e-03 1491640 1295.98513 1294.01679 9.0354404e+03 1.1736121e+01 1.4426072e+03 4.0351939e+00 9.7947695e+03 1.3022528e+01 0 "" "" "" "" 1295.98513 1.1530766e-03 1294.01679 9.5709326e-04 2.6408767e-03 2.3641649e-03
3299.179891525806 1.0024071e+00 1.3315297e-03 1.7079161e-03 1491641 1295.99153 1294.01248 9.0729453e+03 1.1751754e+01 1.4431470e+03 4.0340710e+00 9.8167256e+03 1.3039873e+01 0 "" "" "" "" 1295.99153 1.1507284e-03 1294.01248 9.5488667e-04 7.0116566e-03 -5.5422746e-03
3299.1812803886824 1.0007838e+00 1.3302857e-03 1.7078908e-03 1491642 1295.99457 1294.02122 9.0428594e+03 1.1740774e+01 1.4457563e+03 4.0384665e+00 9.8008281e+03 1.3027690e+01 0 "" "" "" "" 1295.99457 1.1516017e-03 1294.02122 9.5678342e-04 1.1281880e-02 6.3616079e-03
3299.1826692515583 1.0008353e+00 1.3313990e-03 1.7078654e-03 1491643 1295.98965 1294.01458 9.0471553e+03 1.1750600e+01 1.4543617e+03 4.0492120e+00 9.8013330e+03 1.3038593e+01 0 "" "" "" "" 1295.98965 1.1545462e-03 1294.01458 9.5616071e-04 6.0405708e-03 -3.3218281e-03
3299.1840581144343 1.0028538e+00 1.3325341e-03 1.7078400e-03 1491644 1295.99140 1294.01914 9.0626709e+03 1.1760619e+01 1.4513427e+03 4.0464425e+00 9.8210996e+03 1.3049710e+01 0 "" "" "" "" 1295.99140 1.1520524e-03 1294.01914 9.5542416e-04 7.9768263e-03 2.4473928e-03
3299.1854469771943 1.0020245e+00 1.3319211e-03 1.7078145e-03 1491645 1295.99293 1294.01531 9.0696533e+03 1.1755208e+01 1.4475581e+03 4.0389066e+00 9.8129785e+03 1.3043706e+01 0 "" "" "" "" 1295.99293 1.1504113e-03 1294.01531 9.5463806e-04 9.7658150e-03 -2.2929877e-03
3299.1868358400707 1.0002260e+00 1.3312547e-03 1.7077891e-03 1491646 1295.98802 1294.01956 9.0510703e+03 1.1749327e+01 1.4463444e+03 4.0435581e+00 9.7953662e+03 1.3037180e+01 0 "" "" "" "" 1295.98802 1.1521088e-03 1294.01956 9.5531682e-04 6.7793499e-03 2.7681859e-03
3299.1882247028298 1.0015574e+00 1.3314645e-03 1.7077636e-03 1491647 1295.99134 1294.01621 9.0518516e+03 1.1751179e+01 1.4526561e+03 4.0425658e+00 9.8084033e+03 1.3039235e+01 0 "" "" "" "" 1295.99134 1.1515662e-03 1294.01621 9.5654797e-04 7.6539638e-03 -1.0182345e-03
3299.189613565706 1.0027988e+00 1.3315522e-03 1.7077383e-03 1491648 1295.99084 1294.01653 9.0569912e+03 1.1751952e+01 1.4489926e+03 4.0441713e+00 9.8205615e+03 1.3040093e+01 0 "" "" "" "" 1295.99084 1.1521674e-03 1294.01653 9.5588254e-04 6.7758625e-03 5.5341766e-04
3299.191002428466 1.0006936e+00 1.3310831e-03 1.7077128e-03 1491649 1295.99306 1294.01820 9.0537100e+03 1.1747812e+01 1.4490098e+03 4.0433083e+00 9.7999443e+03 1.3035500e+01 0 "" "" "" "" 1295.99306 1.1521324e-03 1294.01820 9.5536810e-04 1.1233938e-02 1.5671231e-03
3299.1923912913417 1.0041413e+00 1.3299338e-03 1.7076874e-03 1491650 1295.99457 1294.02450 9.0491328e+03 1.1737668e+01 1.4436101e+03 4.0331383e+00 9.8337090e+03 1.3024243e+01 0 "" "" "" "" 1295.99457 1.1513201e-03 1294.02450 9.5794408e-04 1.1974683e-02 1.1376021e-02
3299.1937801541017 1.0015994e+00 1.3318314e-03 1.7076619e-03 1491651 1295.98506 1294.01140 9.0695186e+03 1.1754416e+01 1.4482622e+03 4.0405712e+00 9.8088154e+03 1.3042829e+01 0 "" "" "" "" 1295.98506 1.1512900e-03 1294.01140 9.5578970e-04 3.1893768e-03 -8.6036883e-03
3299.1951690168617 1.0008484e+00 1.3307607e-03 1.7076364e-03 1491652 1295.98793 1294.01608 9.0427002e+03 1.1744967e+01 1.4528420e+03 4.0414190e+00 9.8014609e+03 1.3032342e+01 0 "" "" "" "" 1295.98793 1.1527264e-03 1294.01608 9.5757807e-04 7.5357533e-03 -5.2861520e-04
3299.196557879737 1.0018159e+00 1.3303780e-03 1.7076110e-03 1491653 1295.99209 1294.01686 9.0401553e+03 1.1741588e+01 1.4468127e+03 4.0444908e+00 9.8109355e+03 1.3028594e+01 0 "" "" "" "" 1295.99209 1.1530446e-03 1294.01686 9.5844560e-04 6.4529930e-03 2.0355452e-03
3299.197946742497 1.0008271e+00 1.3301534e-03 1.7075855e-03 1491654 1295.99539 1294.01662 9.0275811e+03 1.1739606e+01 1.4467675e+03 4.0401134e+00 9.8012520e+03 1.3026395e+01 0 "" "" "" "" 1295.99539 1.1541289e-03 1294.01662 9.5858733e-04 1.0540882e-02 6.3361507e-04
3299.199335605257 1.0019464e+00 1.3311773e-03 1.7075600e-03 1491655 1295.99072 1294.01322 9.0457305e+03 1.1748643e+01 1.4533917e+03 4.0467443e+00 9.8122139e+03 1.3036422e+01 0 "" "" "" "" 1295.99072 1.1518176e-03 1294.01322 9.5765141e-04 5.1217335e-03 -1.9262711e-03
3299.2007244680162 1.0019134e+00 1.3302283e-03 1.7075345e-03 1491656 1295.99507 1294.02062 9.0399736e+03 1.1740268e+01 1.4448065e+03 4.0359635e+00 9.8118906e+03 1.3027128e+01 0 "" "" "" "" 1295.99507 1.1542550e-03 1294.02062 9.5753482e-04 1.1174270e-02 6.3952063e-03
3299.2021133307762 1.0016798e+00 1.3314612e-03 1.7075090e-03 1491657 1295.98996 1294.01229 9.0565332e+03 1.1751149e+01 1.4520266e+03 4.0426416e+00 9.8096025e+03 1.3039203e+01 0 "" "" "" "" 1295.98996 1.1511357e-03 1294.01229 9.5731969e-04 6.5158978e-03 -5.0072372e-03
3299.203502193536 1.0009612e+00 1.3304498e-03 1.7074835e-03 1491658 1295.98568 1294.01719 9.0404746e+03 1.1742223e+01 1.4422505e+03 4.0393314e+00 9.8025654e+03 1.3029298e+01 0 "" "" "" "" 1295.98568 1.1509497e-03 1294.01719 9.5749361e-04 3.9283256e-03 8.8877343e-05
3299.2048910562944 1.0012683e+00 1.3305225e-03 1.7074581e-03 1491659 1295.99294 1294.02042 9.0483496e+03 1.1742864e+01 1.4455729e+03 4.0403843e+00 9.8055723e+03 1.3030009e+01 0 "" "" "" "" 1295.99294 1.1511862e-03 1294.02042 9.5733086e-04 1.0891375e-02 5.2029267e-03
3299.206279919054 1.0017222e+00 1.3304271e-03 1.7074326e-03 1491660 1295.98805 1294.01555 9.0455596e+03 1.1742023e+01 1.4495745e+03 4.0397582e+00 9.8100186e+03 1.3029076e+01 0 "" "" "" "" 1295.98805 1.1520488e-03 1294.01555 9.5571968e-04 3.8167343e-03 -9.7341026e-04
3299.207668781814 1.0019369e+00 1.3306986e-03 1.7074071e-03 1491661 1295.99346 1294.01873 9.0407002e+03 1.1744419e+01 1.4454860e+03 4.0497746e+00 9.8121211e+03 1.3031734e+01 0 "" "" "" "" 1295.99346 1.1523709e-03 1294.01873 9.5803203e-04 1.0232232e-02 3.8322313e-03
3299.2090576445735 1.0006552e+00 1.3307540e-03 1.7073816e-03 1491662 1295.98859 1294.01547 9.0457207e+03 1.1744908e+01 1.4481432e+03 4.0405059e+00 9.7995684e+03 1.3032277e+01 0 "" "" "" "" 1295.98859 1.1537862e-03 1294.01547 9.5856364e-04 3.5433813e-03 -1.6508212e-03
3299.2104465073335 1.0006042e+00 1.3308430e-03 1.7073561e-03 1491663 1295.99013 1294.01634 9.0334209e+03 1.1745693e+01 1.4517000e+03 4.0466523e+00 9.7990693e+03 1.3033148e+01 0 "" "" "" "" 1295.99013 1.1548254e-03 1294.01634 9.5795939e-04 7.8493059e-03 -1.9775052e-03
3299.211835370093 1.0006828e+00 1.3301696e-03 1.7073306e-03 1491664 1295.99704 1294.01354 9.0471133e+03 1.1739750e+01 1.4451986e+03 4.0375352e+00 9.7998398e+03 1.3026554e+01 0 "" "" "" "" 1295.99704 1.1529883e-03 1294.01354 9.5555006e-04 8.4588854e-03 -2.0293121e-03
3299.2132242328526 1.0014423e+00 1.3310895e-03 1.7073051e-03 1491665 1295.99281 1294.01728 9.0513057e+03 1.1747869e+01 1.4497534e+03 4.0424061e+00 9.8072773e+03 1.3035563e+01 0 "" "" "" "" 1295.99281 1.1516025e-03 1294.01728 9.5671776e-04 1.0036758e-02 1.6543942e-03
3299.214613095496 1.0014814e+00 1.3300794e-03 1.7072795e-03 1491666 1295.98718 1294.02023 9.0336064e+03 1.1738954e+01 1.4484054e+03 4.0398493e+00 9.8076602e+03 1.3025670e+01 0 "" "" "" "" 1295.98718 1.1561237e-03 1294.02023 9.5716916e-04 4.1069211e-03 2.7339258e-03
3299.216001958256 1.0009344e+00 1.3301935e-03 1.7072540e-03 1491667 1295.99153 1294.01659 9.0209248e+03 1.1739961e+01 1.4560138e+03 4.0447464e+00 9.8023027e+03 1.3026788e+01 0 "" "" "" "" 1295.99153 1.1545081e-03 1294.01659 9.5941772e-04 8.2250023e-03 1.9375366e-04
3299.217390821015 1.0005769e+00 1.3294949e-03 1.7072285e-03 1491668 1295.99329 1294.01867 9.0358193e+03 1.1733794e+01 1.4439556e+03 4.0329142e+00 9.7988018e+03 1.3019946e+01 0 "" "" "" "" 1295.99329 1.1516028e-03 1294.01867 9.5670886e-04 8.1565920e-03 2.3579360e-03
3299.218779683659 1.0004584e+00 1.3309885e-03 1.7072029e-03 1491669 1295.99000 1294.01315 9.0496104e+03 1.1746976e+01 1.4430754e+03 4.0351639e+00 9.7976416e+03 1.3034573e+01 0 "" "" "" "" 1295.99000 1.1517552e-03 1294.01315 9.5750747e-04 7.2005983e-03 -5.5607250e-03
3299.220168546419 1.0011194e+00 1.3321348e-03 1.7071774e-03 1491670 1295.99063 1294.01418 9.0543496e+03 1.1757094e+01 1.4468181e+03 4.0420537e+00 9.8041143e+03 1.3045799e+01 0 "" "" "" "" 1295.99063 1.1535806e-03 1294.01418 9.5780654e-04 7.1509192e-03 -3.5047259e-03
3299.2215574090615 1.0004712e+00 1.3306467e-03 1.7071518e-03 1491671 1295.99362 1294.01930 9.0485088e+03 1.1743960e+01 1.4456594e+03 4.0427065e+00 9.7977676e+03 1.3031225e+01 0 "" "" "" "" 1295.99362 1.1508084e-03 1294.01930 9.5593336e-04 1.0456709e-02 3.1891330e-03
3299.2229462718215 1.0014223e+00 1.3312837e-03 1.7071263e-03 1491672 1295.99316 1294.01433 9.0652646e+03 1.1749582e+01 1.4462461e+03 4.0372419e+00 9.8070811e+03 1.3037464e+01 0 "" "" "" "" 1295.99316 1.1486233e-03 1294.01433 9.5517462e-04 9.0093156e-03 -1.2816326e-03
3299.224335134465 1.0009741e+00 1.3308811e-03 1.7071007e-03 1491673 1295.99091 1294.02425 9.0521152e+03 1.1746030e+01 1.4507625e+03 4.0400448e+00 9.8026914e+03 1.3033522e+01 0 "" "" "" "" 1295.99091 1.1513563e-03 1294.02425 9.5508533e-04 9.2989942e-03 6.6601727e-03
3299.2257239971077 1.0007170e+00 1.3317723e-03 1.7070750e-03 1491674 1295.98999 1294.01232 9.0797236e+03 1.1753894e+01 1.4452455e+03 4.0321069e+00 9.8001748e+03 1.3042249e+01 0 "" "" "" "" 1295.98999 1.1489127e-03 1294.01232 9.5341424e-04 7.4661714e-03 -6.0708062e-03
3299.227112859867 1.0004885e+00 1.3311080e-03 1.7070496e-03 1491675 1295.98931 1294.01691 9.0599766e+03 1.1748032e+01 1.4491302e+03 4.0353017e+00 9.7979365e+03 1.3035744e+01 0 "" "" "" "" 1295.98931 1.1493118e-03 1294.01691 9.5554849e-04 5.0693364e-03 1.4830369e-03
3299.2285017225104 1.0028754e+00 1.3320458e-03 1.7070239e-03 1491676 1295.99193 1294.01776 9.0623047e+03 1.1756308e+01 1.4502443e+03 4.0454402e+00 9.8213125e+03 1.3044927e+01 0 "" "" "" "" 1295.99193 1.1505568e-03 1294.01776 9.5489965e-04 8.7738466e-03 -1.8340490e-06
3299.229890585154 9.9970007e-01 1.3304852e-03 1.7069983e-03 1491677 1295.99389 1294.01788 9.0354014e+03 1.1742535e+01 1.4497437e+03 4.0421295e+00 9.7902148e+03 1.3029644e+01 0 "" "" "" "" 1295.99389 1.1525353e-03 1294.01788 9.5964206e-04 1.0558574e-02 2.4725965e-03
3299.2312794477966 9.9980927e-01 1.3306183e-03 1.7069727e-03 1491678 1295.98999 1294.01387 9.0287383e+03 1.1743710e+01 1.4518923e+03 4.0421100e+00 9.7912842e+03 1.3030948e+01 0 "" "" "" "" 1295.98999 1.1569050e-03 1294.01387 9.5927209e-04 6.1300932e-03 -3.1042469e-03
3299.2326683105566 1.0013750e+00 1.3305623e-03 1.7069472e-03 1491679 1295.99152 1294.01719 9.0383770e+03 1.1743216e+01 1.4483367e+03 4.0418735e+00 9.8066172e+03 1.3030399e+01 0 "" "" "" "" 1295.99152 1.1548507e-03 1294.01719 9.5693814e-04 8.2224160e-03 -4.6053575e-04
3299.2340571732 1.0005116e+00 1.3310303e-03 1.7069216e-03 1491680 1295.99355 1294.02110 9.0554736e+03 1.1747346e+01 1.4495601e+03 4.0357938e+00 9.7981631e+03 1.3034983e+01 0 "" "" "" "" 1295.99355 1.1520771e-03 1294.02110 9.5587317e-04 1.0668479e-02 5.1731584e-03
3299.235446035843 9.9800014e-01 1.3307192e-03 1.7068960e-03 1491681 1295.98887 1294.01190 9.0392021e+03 1.1744600e+01 1.4529966e+03 4.0450506e+00 9.7735674e+03 1.3031936e+01 0 "" "" "" "" 1295.98887 1.1531623e-03 1294.01190 9.5676858e-04 5.7931319e-03 -6.1236620e-03
3299.2368348984864 1.0017836e+00 1.3312611e-03 1.7068704e-03 1491682 1295.98587 1294.01203 9.0498750e+03 1.1749383e+01 1.4530801e+03 4.0421138e+00 9.8106191e+03 1.3037243e+01 0 "" "" "" "" 1295.98587 1.1532322e-03 1294.01203 9.5685781e-04 1.8607521e-03 -6.7327358e-03
3299.23822376113 1.0016524e+00 1.3311858e-03 1.7068448e-03 1491683 1295.98991 1294.01584 9.0606953e+03 1.1748719e+01 1.4429482e+03 4.0319142e+00 9.8093340e+03 1.3036506e+01 0 "" "" "" "" 1295.98991 1.1520940e-03 1294.01584 9.5523498e-04 6.7083817e-03 -2.3947924e-04
3299.239612623773 1.0000436e+00 1.3307569e-03 1.7068192e-03 1491684 1295.99061 1294.01557 9.0511699e+03 1.1744934e+01 1.4498644e+03 4.0381846e+00 9.7935791e+03 1.3032306e+01 0 "" "" "" "" 1295.99061 1.1505228e-03 1294.01557 9.5614104e-04 6.4963191e-03 -2.7435825e-03
3299.2410014863 1.0007584e+00 1.3304697e-03 1.7067934e-03 1491685 1295.99198 1294.01637 9.0511348e+03 1.1742398e+01 1.4452864e+03 4.0372996e+00 9.8005791e+03 1.3029492e+01 0 "" "" "" "" 1295.99198 1.1511157e-03 1294.01637 9.5541246e-04 9.6449554e-03 -8.6963014e-04
3299.2423903489434 1.0005528e+00 1.3314162e-03 1.7067678e-03 1491686 1295.98778 1294.01671 9.0445381e+03 1.1750751e+01 1.4523116e+03 4.0485048e+00 9.7985654e+03 1.3038761e+01 0 "" "" "" "" 1295.98778 1.1524929e-03 1294.01671 9.5689989e-04 5.5359616e-03 -5.7458290e-04
3299.2437792115866 1.0009981e+00 1.3303810e-03 1.7067422e-03 1491687 1295.99107 1294.01317 9.0476162e+03 1.1741616e+01 1.4463326e+03 4.0373473e+00 9.8029277e+03 1.3028625e+01 0 "" "" "" "" 1295.99107 1.1505481e-03 1294.01317 9.5659698e-04 8.2406411e-03 -3.5040909e-03
3299.24516807423 9.9981833e-01 1.3304594e-03 1.7067166e-03 1491688 1295.99131 1294.01823 9.0395732e+03 1.1742308e+01 1.4487865e+03 4.0417972e+00 9.7913730e+03 1.3029391e+01 0 "" "" "" "" 1295.99131 1.1530984e-03 1294.01823 9.5751981e-04 8.9628408e-03 3.7908569e-04
3299.2465569368737 1.0005821e+00 1.3311050e-03 1.7066910e-03 1491689 1295.99101 1294.01546 9.0568057e+03 1.1748006e+01 1.4482048e+03 4.0389962e+00 9.7988525e+03 1.3035714e+01 0 "" "" "" "" 1295.99101 1.1500168e-03 1294.01546 9.5618446e-04 5.8651674e-03 1.5854181e-04
3299.2479457994 9.9952763e-01 1.3307180e-03 1.7066653e-03 1491690 1295.99448 1294.01583 9.0482900e+03 1.1744590e+01 1.4517134e+03 4.0369725e+00 9.7885264e+03 1.3031924e+01 0 "" "" "" "" 1295.99448 1.1522375e-03 1294.01583 9.5714658e-04 9.7999917e-03 -1.0345913e-04
3299.249334662043 9.9983943e-01 1.3306719e-03 1.7066397e-03 1491691 1295.99047 1294.01379 9.0433096e+03 1.1744184e+01 1.4498309e+03 4.0432849e+00 9.7915801e+03 1.3031473e+01 0 "" "" "" "" 1295.99047 1.1513948e-03 1294.01379 9.5627789e-04 6.3341688e-03 -3.8286827e-03
3299.250723524686 1.0002939e+00 1.3317766e-03 1.7066140e-03 1491692 1295.98996 1294.02029 9.0566934e+03 1.1753934e+01 1.4541766e+03 4.0438471e+00 9.7960303e+03 1.3042292e+01 0 "" "" "" "" 1295.98996 1.1516254e-03 1294.02029 9.5416524e-04 7.1366783e-03 2.8119802e-03
3299.252112387212 9.9894357e-01 1.3296830e-03 1.7065883e-03 1491693 1295.99465 1294.01346 9.0263096e+03 1.1735455e+01 1.4515027e+03 4.0448608e+00 9.7828066e+03 1.3021788e+01 0 "" "" "" "" 1295.99465 1.1522219e-03 1294.01346 9.5824833e-04 1.0612598e-02 -3.0870663e-03
3299.2535012498556 9.9946952e-01 1.3314540e-03 1.7065627e-03 1491694 1295.98929 1294.01549 9.0541279e+03 1.1751086e+01 1.4554171e+03 4.0454545e+00 9.7879570e+03 1.3039132e+01 0 "" "" "" "" 1295.98929 1.1510609e-03 1294.01549 9.5666514e-04 7.3683867e-03 -1.3047728e-03
3299.254890112383 1.0005795e+00 1.3305154e-03 1.7065370e-03 1491695 1295.99179 1294.01922 9.0330693e+03 1.1742802e+01 1.4559423e+03 4.0471606e+00 9.7988271e+03 1.3029940e+01 0 "" "" "" "" 1295.99179 1.1538244e-03 1294.01922 9.5781044e-04 8.6032702e-03 2.6699952e-03
3299.256278974909 1.0003664e+00 1.3314167e-03 1.7065112e-03 1491696 1295.98782 1294.01195 9.0536377e+03 1.1750756e+01 1.4466859e+03 4.0396843e+00 9.7967412e+03 1.3038766e+01 0 "" "" "" "" 1295.98782 1.1526070e-03 1294.01195 9.5782103e-04 4.7538988e-03 -5.4730279e-03
3299.2576678375526 9.9996662e-01 1.3302908e-03 1.7064856e-03 1491697 1295.99304 1294.01929 9.0416201e+03 1.1740820e+01 1.4503950e+03 4.0379329e+00 9.7928252e+03 1.3027740e+01 0 "" "" "" "" 1295.99304 1.1512409e-03 1294.01929 9.5633051e-04 9.0582557e-03 4.6482785e-03
3299.25905670008 9.9899840e-01 1.3307544e-03 1.7064599e-03 1491698 1295.98754 1294.01108 9.0487344e+03 1.1744911e+01 1.4528047e+03 4.0420556e+00 9.7833438e+03 1.3032280e+01 0 "" "" "" "" 1295.98754 1.1507538e-03 1294.01108 9.5753226e-04 3.6391341e-03 -4.0995413e-03
3299.263223287777 9.9972248e-01 1.3309933e-03 1.7063828e-03 1491701 1295.99083 1294.01776 9.0566211e+03 1.1747019e+01 1.4479038e+03 4.0355282e+00 9.7904346e+03 1.3034619e+01 0 "" "" "" "" 1295.99083 1.1517938e-03 1294.01776 9.5602550e-04 5.9872214e-03 2.3745799e-03
3299.264612150303 9.9853182e-01 1.3304548e-03 1.7063571e-03 1491702 1295.99014 1294.01262 9.0318418e+03 1.1742268e+01 1.4475249e+03 4.0442271e+00 9.7787744e+03 1.3029347e+01 0 "" "" "" "" 1295.99014 1.1556660e-03 1294.01262 9.5810537e-04 6.8519078e-03 -4.9878247e-03
3299.26600101283 9.9924201e-01 1.3304605e-03 1.7063314e-03 1491703 1295.99009 1294.01867 9.0382900e+03 1.1742317e+01 1.4479639e+03 4.0423055e+00 9.7857295e+03 1.3029403e+01 0 "" "" "" "" 1295.99009 1.1530622e-03 1294.01867 9.5702580e-04 7.8839930e-03 1.9680948e-03
3299.267389875474 1.0007912e+00 1.3315026e-03 1.7063058e-03 1491704 1295.98923 1294.01646 9.0618457e+03 1.1751514e+01 1.4512809e+03 4.0397048e+00 9.8009004e+03 1.3039608e+01 0 "" "" "" "" 1295.98923 1.1503680e-03 1294.01646 9.5557823e-04 6.4771930e-03 -9.7316201e-04
3299.2687787380005 9.9960560e-01 1.3317865e-03 1.7062800e-03 1491705 1295.99080 1294.01732 9.0633730e+03 1.1754020e+01 1.4488698e+03 4.0433078e+00 9.7892900e+03 1.3042388e+01 0 "" "" "" "" 1295.99080 1.1499376e-03 1294.01732 9.5612725e-04 8.7846983e-03 9.0408069e-04
3299.270167600527 9.9994767e-01 1.3305508e-03 1.7062543e-03 1491706 1295.98953 1294.01454 9.0486660e+03 1.1743114e+01 1.4440326e+03 4.0372787e+00 9.7926396e+03 1.3030287e+01 0 "" "" "" "" 1295.98953 1.1520120e-03 1294.01454 9.5791579e-04 6.9898060e-03 -2.6310629e-03
3299.2715564630544 1.0009158e+00 1.3321096e-03 1.7062286e-03 1491707 1295.99317 1294.01809 9.0673232e+03 1.1756871e+01 1.4521086e+03 4.0439725e+00 9.8021201e+03 1.3045552e+01 0 "" "" "" "" 1295.99317 1.1499644e-03 1294.01809 9.5523283e-04 1.0541779e-02 2.9271611e-03
3299.272945325581 9.9951237e-01 1.3307090e-03 1.7062029e-03 1491708 1295.99009 1294.01533 9.0535352e+03 1.1744510e+01 1.4448992e+03 4.0360770e+00 9.7883770e+03 1.3031836e+01 0 "" "" "" "" 1295.99009 1.1509941e-03 1294.01533 9.5584482e-04 4.9954248e-03 -3.1159222e-03
3299.274334187992 9.9919307e-01 1.3306790e-03 1.7061770e-03 1491709 1295.99134 1294.01880 9.0462393e+03 1.1744246e+01 1.4507280e+03 4.0400443e+00 9.7852500e+03 1.3031543e+01 0 "" "" "" "" 1295.99134 1.1532741e-03 1294.01880 9.5574022e-04 8.2283830e-03 1.3054962e-03
3299.275723050519 1.0004048e+00 1.3299178e-03 1.7061513e-03 1491710 1295.99134 1294.01184 9.0369980e+03 1.1737528e+01 1.4456039e+03 4.0370426e+00 9.7971172e+03 1.3024088e+01 0 "" "" "" "" 1295.99134 1.1547590e-03 1294.01184 9.5825974e-04 7.3070773e-03 -4.8720976e-03
3299.2771119130452 9.9901187e-01 1.3298145e-03 1.7061256e-03 1491711 1295.98820 1294.01966 9.0420029e+03 1.1736616e+01 1.4437468e+03 4.0331964e+00 9.7834756e+03 1.3023076e+01 0 "" "" "" "" 1295.98820 1.1532619e-03 1294.01966 9.5628388e-04 4.5249807e-03 3.5698724e-03
3299.2785007755724 9.9900681e-01 1.3319689e-03 1.7060998e-03 1491712 1295.98644 1294.01477 9.0557051e+03 1.1755630e+01 1.4547189e+03 4.0496249e+00 9.7834258e+03 1.3044175e+01 0 "" "" "" "" 1295.98644 1.1523145e-03 1294.01477 9.5617358e-04 3.0629213e-03 -2.5584351e-03
3299.2798896380996 1.0012517e+00 1.3318545e-03 1.7060741e-03 1491713 1295.99120 1294.01619 9.0724678e+03 1.1754620e+01 1.4489316e+03 4.0372233e+00 9.8054102e+03 1.3043054e+01 0 "" "" "" "" 1295.99120 1.1502161e-03 1294.01619 9.5392735e-04 8.4344428e-03 -1.5949148e-04
3299.2812785005094 9.9936199e-01 1.3305678e-03 1.7060483e-03 1491714 1295.99263 1294.01902 9.0460889e+03 1.1743263e+01 1.4487797e+03 4.0441833e+00 9.7869043e+03 1.3030453e+01 0 "" "" "" "" 1295.99263 1.1504353e-03 1294.01902 9.5554575e-04 8.0641545e-03 2.4726728e-03
3299.2826673630366 9.9765074e-01 1.3310064e-03 1.7060225e-03 1491715 1295.98685 1294.01552 9.0472178e+03 1.1747135e+01 1.4517632e+03 4.0441418e+00 9.7701455e+03 1.3034749e+01 0 "" "" "" "" 1295.98685 1.1530542e-03 1294.01552 9.5727335e-04 3.7304498e-03 -2.4905291e-03
3299.2840562255637 1.0012189e+00 1.3316723e-03 1.7059968e-03 1491716 1295.99255 1294.01687 9.0637695e+03 1.1753012e+01 1.4458212e+03 4.0420012e+00 9.8050889e+03 1.3041269e+01 0 "" "" "" "" 1295.99255 1.1513486e-03 1294.01687 9.5584436e-04 8.8057443e-03 2.3372252e-04
3299.285445087974 1.0003583e+00 1.3329316e-03 1.7059710e-03 1491717 1295.98865 1294.01811 9.0634229e+03 1.1764127e+01 1.4530486e+03 4.0494037e+00 9.7966611e+03 1.3053602e+01 0 "" "" "" "" 1295.98865 1.1529669e-03 1294.01811 9.5689797e-04 6.2539354e-03 1.8025510e-03
3299.286833950501 9.9934065e-01 1.3320947e-03 1.7059452e-03 1491718 1295.98596 1294.01390 9.0468672e+03 1.1756739e+01 1.4540660e+03 4.0531621e+00 9.7866953e+03 1.3045405e+01 0 "" "" "" "" 1295.98596 1.1547549e-03 1294.01390 9.5793442e-04 3.7405512e-03 -4.7933520e-03
3299.2882228129115 1.0000564e+00 1.3312916e-03 1.7059194e-03 1491719 1295.99213 1294.01919 9.0612100e+03 1.1749652e+01 1.4475905e+03 4.0388818e+00 9.7937051e+03 1.3037541e+01 0 "" "" "" "" 1295.99213 1.1501168e-03 1294.01919 9.5546537e-04 9.3738213e-03 2.6683507e-03
3299.289611675438 9.9992484e-01 1.3317777e-03 1.7058937e-03 1491720 1295.98992 1294.01843 9.0633613e+03 1.1753942e+01 1.4516970e+03 4.0428486e+00 9.7924160e+03 1.3042301e+01 0 "" "" "" "" 1295.98992 1.1514721e-03 1294.01843 9.5496554e-04 5.8592889e-03 6.3440681e-04
3299.291000537849 9.9956256e-01 1.3307016e-03 1.7058678e-03 1491721 1295.98910 1294.01618 9.0421260e+03 1.1744445e+01 1.4471073e+03 4.0420065e+00 9.7888682e+03 1.3031764e+01 0 "" "" "" "" 1295.98910 1.1527638e-03 1294.01618 9.5678831e-04 5.7979501e-03 -1.5135234e-03
3299.2923894003757 1.0004658e+00 1.3318135e-03 1.7058421e-03 1491722 1295.98853 1294.01538 9.0516963e+03 1.1754259e+01 1.4556431e+03 4.0531282e+00 9.7977139e+03 1.3042653e+01 0 "" "" "" "" 1295.98853 1.1537906e-03 1294.01538 9.5553912e-04 5.2584703e-03 -2.5607932e-03
3299.293778262785 9.9844640e-01 1.3304595e-03 1.7058162e-03 1491723 1295.98945 1294.01725 9.0434473e+03 1.1742309e+01 1.4461516e+03 4.0366402e+00 9.7779375e+03 1.3029392e+01 0 "" "" "" "" 1295.98945 1.1528300e-03 1294.01725 9.5682323e-04 4.1870396e-03 1.4827036e-05
3299.295167125195 1.0009866e+00 1.3318427e-03 1.7057904e-03 1491724 1295.99164 1294.01797 9.0577256e+03 1.1754517e+01 1.4522047e+03 4.0466580e+00 9.8028135e+03 1.3042939e+01 0 "" "" "" "" 1295.99164 1.1516846e-03 1294.01797 9.5600937e-04 7.3458431e-03 -4.2757817e-04
3299.296555987722 1.0006618e+00 1.3305974e-03 1.7057647e-03 1491725 1295.98900 1294.01848 9.0436406e+03 1.1743526e+01 1.4504620e+03 4.0421505e+00 9.7996338e+03 1.3030744e+01 0 "" "" "" "" 1295.98900 1.1531612e-03 1294.01848 9.5733954e-04 4.7525191e-03 1.9104758e-03
3299.2979448501324 9.9992907e-01 1.3322028e-03 1.7057388e-03 1491726 1295.98803 1294.01625 9.0687490e+03 1.1757694e+01 1.4540052e+03 4.0439143e+00 9.7924580e+03 1.3046465e+01 0 "" "" "" "" 1295.98803 1.1510871e-03 1294.01625 9.5378736e-04 4.9290718e-03 -1.1819940e-03
3299.299333712542 1.0003345e+00 1.3303315e-03 1.7057130e-03 1491727 1295.99330 1294.01635 9.0421504e+03 1.1741179e+01 1.4450555e+03 4.0388975e+00 9.7964287e+03 1.3028139e+01 0 "" "" "" "" 1295.99330 1.1522565e-03 1294.01635 9.5709926e-04 9.7745638e-03 -1.2947312e-03
3299.300722574953 9.9912089e-01 1.3298331e-03 1.7056871e-03 1491728 1295.98619 1294.01648 9.0295791e+03 1.1736779e+01 1.4496156e+03 4.0402880e+00 9.7845430e+03 1.3023257e+01 0 "" "" "" "" 1295.98619 1.1560783e-03 1294.01648 9.5917645e-04 1.7483551e-03 -3.9901916e-04
3299.3021114373637 1.0004674e+00 1.3312601e-03 1.7056613e-03 1491729 1295.99048 1294.01613 9.0552930e+03 1.1749374e+01 1.4516274e+03 4.0436368e+00 9.7977295e+03 1.3037232e+01 0 "" "" "" "" 1295.99048 1.1507550e-03 1294.01613 9.5581723e-04 7.8922603e-03 -2.8792676e-04
3299.3035002997735 9.9764192e-01 1.3295305e-03 1.7056355e-03 1491730 1295.98798 1294.01650 9.0293809e+03 1.1734109e+01 1.4503469e+03 4.0374112e+00 9.7700596e+03 1.3020294e+01 0 "" "" "" "" 1295.98798 1.1534197e-03 1294.01650 9.5682609e-04 4.6316837e-03 -1.1099668e-03
3299.3048891621843 9.9995881e-01 1.3315760e-03 1.7056096e-03 1491731 1295.99002 1294.01627 9.0539277e+03 1.1752163e+01 1.4508672e+03 4.0456409e+00 9.7927490e+03 1.3040327e+01 0 "" "" "" "" 1295.99002 1.1524572e-03 1294.01627 9.5637282e-04 6.0851658e-03 -2.2622261e-03
3299.306278024595 9.9997807e-01 1.3313590e-03 1.7055838e-03 1491732 1295.99202 1294.01783 9.0570371e+03 1.1750248e+01 1.4494922e+03 4.0383162e+00 9.7929375e+03 1.3038202e+01 0 "" "" "" "" 1295.99202 1.1520114e-03 1294.01783 9.5557055e-04 7.4295639e-03 1.8117455e-03
3299.3076668870053 1.0009228e+00 1.3321097e-03 1.7055579e-03 1491733 1295.98824 1294.01499 9.0734004e+03 1.1756872e+01 1.4442363e+03 4.0331531e+00 9.8021895e+03 1.3045553e+01 0 "" "" "" "" 1295.98824 1.1513170e-03 1294.01499 9.5580082e-04 5.0034197e-03 -3.4794125e-03
3299.309055749416 1.0007243e+00 1.3317065e-03 1.7055321e-03 1491734 1295.99169 1294.01778 9.0533721e+03 1.1753315e+01 1.4581951e+03 4.0454898e+00 9.8002451e+03 1.3041605e+01 0 "" "" "" "" 1295.99169 1.1522075e-03 1294.01778 9.5608627e-04 8.5753510e-03 3.2496906e-03
3299.3104446118264 9.9937356e-01 1.3318122e-03 1.7055062e-03 1491735 1295.98901 1294.01609 9.0601992e+03 1.1754248e+01 1.4520940e+03 4.0416818e+00 9.7870176e+03 1.3042640e+01 0 "" "" "" "" 1295.98901 1.1518386e-03 1294.01609 9.5600443e-04 5.6259511e-03 -4.3670772e-04
3299.3118334742367 9.9985868e-01 1.3314894e-03 1.7054804e-03 1491736 1295.98429 1294.01749 9.0557324e+03 1.1751398e+01 1.4493248e+03 4.0496836e+00 9.7917686e+03 1.3039479e+01 0 "" "" "" "" 1295.98429 1.1522033e-03 1294.01749 9.5561706e-04 6.0799555e-04 7.6262071e-04
3299.3132223366474 9.9957711e-01 1.3304071e-03 1.7054545e-03 1491737 1295.98997 1294.01326 9.0298555e+03 1.1741845e+01 1.4521547e+03 4.0500412e+00 9.7890107e+03 1.3028879e+01 0 "" "" "" "" 1295.98997 1.1546790e-03 1294.01326 9.5833698e-04 5.7017710e-03 -3.0049579e-03
3299.314611199058 9.9967241e-01 1.3317206e-03 1.7054287e-03 1491738 1295.99369 1294.01602 9.0528242e+03 1.1753439e+01 1.4570996e+03 4.0554357e+00 9.7899443e+03 1.3041743e+01 0 "" "" "" "" 1295.99369 1.1524147e-03 1294.01602 9.5625751e-04 9.0340897e-03 -4.6320457e-04
3299.3160000613516 9.9883837e-01 1.3307835e-03 1.7054027e-03 1491739 1295.98801 1294.01833 9.0490205e+03 1.1745168e+01 1.4478160e+03 4.0378065e+00 9.7817764e+03 1.3032565e+01 0 "" "" "" "" 1295.98801 1.1524714e-03 1294.01833 9.5656590e-04 4.7692084e-03 8.4502040e-04
3299.3173889237623 9.9829680e-01 1.3312664e-03 1.7053769e-03 1491740 1295.98734 1294.01679 9.0490205e+03 1.1749430e+01 1.4539523e+03 4.0459194e+00 9.7764727e+03 1.3037294e+01 0 "" "" "" "" 1295.98734 1.1528305e-03 1294.01679 9.5650565e-04 2.8214646e-03 3.0537459e-04
3299.318777786173 9.9870324e-01 1.3307830e-03 1.7053511e-03 1491741 1295.98739 1294.01474 9.0480059e+03 1.1745164e+01 1.4504219e+03 4.0393276e+00 9.7804531e+03 1.3032561e+01 0 "" "" "" "" 1295.98739 1.1525762e-03 1294.01474 9.5674279e-04 5.0841998e-03 -2.2701949e-03
3299.320166648583 9.9792695e-01 1.3300582e-03 1.7053252e-03 1491742 1295.99005 1294.01726 9.0425303e+03 1.1738767e+01 1.4431707e+03 4.0387983e+00 9.7728506e+03 1.3025462e+01 0 "" "" "" "" 1295.99005 1.1508241e-03 1294.01726 9.5685734e-04 7.7039166e-03 1.0948726e-03
3299.3215555108773 9.9957061e-01 1.3306731e-03 1.7052992e-03 1491743 1295.98725 1294.01876 9.0517549e+03 1.1744194e+01 1.4466593e+03 4.0386457e+00 9.7889473e+03 1.3031485e+01 0 "" "" "" "" 1295.98725 1.1533397e-03 1294.01876 9.5602020e-04 2.6002629e-03 4.9457181e-04
3299.322944373288 9.9904418e-01 1.3310702e-03 1.7052734e-03 1491744 1295.99063 1294.01606 9.0684932e+03 1.1747700e+01 1.4435195e+03 4.0333729e+00 9.7837920e+03 1.3035374e+01 0 "" "" "" "" 1295.99063 1.1494841e-03 1294.01606 9.5444045e-04 5.5896798e-03 -1.6816218e-04
3299.3243332355814 9.9975830e-01 1.3311710e-03 1.7052474e-03 1491745 1295.98788 1294.01664 9.0550098e+03 1.1748589e+01 1.4467908e+03 4.0421653e+00 9.7907852e+03 1.3036361e+01 0 "" "" "" "" 1295.98788 1.1523525e-03 1294.01664 9.5583353e-04 3.1230503e-03 -5.6388980e-04
3299.325722097992 9.9900413e-01 1.3309688e-03 1.7052216e-03 1491746 1295.99101 1294.01614 9.0432559e+03 1.1746802e+01 1.4518478e+03 4.0535784e+00 9.7833994e+03 1.3034380e+01 0 "" "" "" "" 1295.99101 1.1521884e-03 1294.01614 9.5657306e-04 7.8929849e-03 -1.1557872e-04
3299.3271109602865 9.9944717e-01 1.3318373e-03 1.7051956e-03 1491747 1295.98960 1294.01588 9.0635967e+03 1.1754468e+01 1.4528463e+03 4.0495787e+00 9.7877383e+03 1.3042886e+01 0 "" "" "" "" 1295.98960 1.1511989e-03 1294.01588 9.5507875e-04 6.4309123e-03 -6.3153071e-04
3299.3284998226964 9.9990559e-01 1.3306013e-03 1.7051698e-03 1491748 1295.98610 1294.01679 9.0453682e+03 1.1743560e+01 1.4510197e+03 4.0369444e+00 9.7922275e+03 1.3030781e+01 0 "" "" "" "" 1295.98610 1.1529761e-03 1294.01679 9.5619558e-04 4.1658427e-03 -1.9091920e-03
3299.3298886849907 9.9971688e-01 1.3314167e-03 1.7051438e-03 1491749 1295.98724 1294.01697 9.0639219e+03 1.1750756e+01 1.4503746e+03 4.0393219e+00 9.7903799e+03 1.3038766e+01 0 "" "" "" "" 1295.98724 1.1496587e-03 1294.01697 9.5551589e-04 4.7545671e-03 1.0854212e-03
3299.331277547285 1.0002356e+00 1.3319936e-03 1.7051179e-03 1491750 1295.98929 1294.01491 9.0589443e+03 1.1755848e+01 1.4549122e+03 4.0448494e+00 9.7954590e+03 1.3044416e+01 0 "" "" "" "" 1295.98929 1.1508282e-03 1294.01491 9.5629209e-04 5.3797513e-03 -1.9511454e-03
3299.332666409695 9.9894446e-01 1.3311229e-03 1.7050920e-03 1491751 1295.98752 1294.01854 9.0513994e+03 1.1748163e+01 1.4463937e+03 4.0397139e+00 9.7828154e+03 1.3035890e+01 0 "" "" "" "" 1295.98752 1.1518270e-03 1294.01854 9.5625030e-04 3.6942831e-03 2.5484329e-03
3299.334055271989 9.9839991e-01 1.3312476e-03 1.7050661e-03 1491752 1295.98925 1294.01646 9.0406504e+03 1.1749264e+01 1.4587338e+03 4.0523825e+00 9.7774824e+03 1.3037110e+01 0 "" "" "" "" 1295.98925 1.1525465e-03 1294.01646 9.5668534e-04 6.5132286e-03 -2.4586322e-04
3299.3354441342835 9.9893320e-01 1.3308625e-03 1.7050401e-03 1491753 1295.98666 1294.01578 9.0526582e+03 1.1745865e+01 1.4497524e+03 4.0384851e+00 9.7827051e+03 1.3033340e+01 0 "" "" "" "" 1295.98666 1.1521861e-03 1294.01578 9.5571671e-04 3.2561398e-03 -1.2286043e-03
3299.336832996577 9.9877363e-01 1.3319263e-03 1.7050141e-03 1491754 1295.98791 1294.01679 9.0543467e+03 1.1755254e+01 1.4503218e+03 4.0448251e+00 9.7811426e+03 1.3043757e+01 0 "" "" "" "" 1295.98791 1.1530677e-03 1294.01679 9.5536414e-04 3.5280399e-03 4.9926597e-04
3299.3382218589873 1.0007694e+00 1.3328836e-03 1.7049883e-03 1491755 1295.98862 1294.01634 9.0774434e+03 1.1763703e+01 1.4501191e+03 4.0428562e+00 9.8006865e+03 1.3053132e+01 0 "" "" "" "" 1295.98862 1.1491855e-03 1294.01634 9.5487374e-04 6.8544974e-03 -8.1346108e-04
3299.3396107212807 9.9898130e-01 1.3300155e-03 1.7049623e-03 1491756 1295.98502 1294.01513 9.0440996e+03 1.1738390e+01 1.4470103e+03 4.0343747e+00 9.7831758e+03 1.3025044e+01 0 "" "" "" "" 1295.98502 1.1553259e-03 1294.01513 9.5655938e-04 2.1727283e-03 6.5752555e-04
3299.3409995835746 9.9847800e-01 1.3304595e-03 1.7049364e-03 1491757 1295.98904 1294.01615 9.0336748e+03 1.1742309e+01 1.4540522e+03 4.0452046e+00 9.7782471e+03 1.3029392e+01 0 "" "" "" "" 1295.98904 1.1535586e-03 1294.01615 9.5754681e-04 6.3697174e-03 -5.5183953e-04
3299.342388445869 9.9937773e-01 1.3304468e-03 1.7049104e-03 1491758 1295.98676 1294.01634 9.0421055e+03 1.1742196e+01 1.4480762e+03 4.0437880e+00 9.7870586e+03 1.3029268e+01 0 "" "" "" "" 1295.98676 1.1523620e-03 1294.01634 9.5681107e-04 2.6533974e-03 8.8706764e-04
3299.343777308163 1.0002238e+00 1.3317283e-03 1.7048845e-03 1491759 1295.99093 1294.01468 9.0591729e+03 1.1753506e+01 1.4494464e+03 4.0443716e+00 9.7953438e+03 1.3041818e+01 0 "" "" "" "" 1295.99093 1.1511673e-03 1294.01468 9.5665042e-04 7.9188291e-03 -5.1830540e-04
3299.3451661704567 9.9885166e-01 1.3304232e-03 1.7048585e-03 1491760 1295.98534 1294.01578 9.0351670e+03 1.1741987e+01 1.4520399e+03 4.0415354e+00 9.7819062e+03 1.3029037e+01 0 "" "" "" "" 1295.98534 1.1558800e-03 1294.01578 9.5756532e-04 2.1093127e-03 -3.1807876e-04
3299.346555032751 1.0006654e+00 1.3310458e-03 1.7048325e-03 1491761 1295.98844 1294.01597 9.0511729e+03 1.1747482e+01 1.4522384e+03 4.0420923e+00 9.7996689e+03 1.3035134e+01 0 "" "" "" "" 1295.98844 1.1514385e-03 1294.01597 9.5646910e-04 5.0273002e-03 -5.0390855e-04
3299.3479438950453 1.0004992e+00 1.3311815e-03 1.7048066e-03 1491762 1295.98759 1294.01520 9.0518057e+03 1.1748681e+01 1.4494539e+03 4.0463924e+00 9.7980410e+03 1.3036464e+01 0 "" "" "" "" 1295.98759 1.1531395e-03 1294.01520 9.5512852e-04 4.6963813e-03 -2.7241569e-03
3299.3493327573387 9.9869889e-01 1.3310789e-03 1.7047806e-03 1491763 1295.98732 1294.01875 9.0507549e+03 1.1747775e+01 1.4504901e+03 4.0390906e+00 9.7804102e+03 1.3035459e+01 0 "" "" "" "" 1295.98732 1.1533713e-03 1294.01875 9.5559156e-04 4.8316121e-03 2.6952317e-03
3299.3507216195167 9.9954069e-01 1.3318931e-03 1.7047545e-03 1491764 1295.98697 1294.01573 9.0496396e+03 1.1754961e+01 1.4542804e+03 4.0460501e+00 9.7886543e+03 1.3043432e+01 0 "" "" "" "" 1295.98697 1.1527949e-03 1294.01573 9.5678295e-04 4.5359931e-03 -7.7171170e-04
3299.352110481811 9.9762082e-01 1.3297823e-03 1.7047286e-03 1491765 1295.98891 1294.01739 9.0365527e+03 1.1736331e+01 1.4505403e+03 4.0377994e+00 9.7698525e+03 1.3022760e+01 0 "" "" "" "" 1295.98891 1.1517754e-03 1294.01739 9.5641101e-04 6.3105240e-03 -2.3680122e-04
3299.3534993441044 9.9662733e-01 1.3291981e-03 1.7047026e-03 1491766 1295.98552 1294.01716 9.0190029e+03 1.1731175e+01 1.4525262e+03 4.0374122e+00 9.7601230e+03 1.3017039e+01 0 "" "" "" "" 1295.98552 1.1558756e-03 1294.01716 9.5812301e-04 3.6569971e-03 -2.5430563e-05
3299.3548882063988 1.0010005e+00 1.3320523e-03 1.7046767e-03 1491767 1295.98999 1294.01379 9.0738369e+03 1.1756367e+01 1.4502151e+03 4.0378428e+00 9.8029512e+03 1.3044991e+01 0 "" "" "" "" 1295.98999 1.1503686e-03 1294.01379 9.5510605e-04 6.1338334e-03 -2.1042288e-03
3299.356277068693 1.0004556e+00 1.3328147e-03 1.7046507e-03 1491768 1295.98464 1294.01868 9.0762773e+03 1.1763096e+01 1.4495880e+03 4.0474033e+00 9.7976143e+03 1.3052458e+01 0 "" "" "" "" 1295.98464 1.1497842e-03 1294.01868 9.5359742e-04 2.8148075e-03 7.6942594e-04
3299.35766593087 9.9906182e-01 1.3317654e-03 1.7046246e-03 1491769 1295.98750 1294.01745 9.0465439e+03 1.1753834e+01 1.4542451e+03 4.0536218e+00 9.7839648e+03 1.3042182e+01 0 "" "" "" "" 1295.98750 1.1536322e-03 1294.01745 9.5665880e-04 4.8132241e-03 -3.0444018e-04
3299.3590547931644 9.9971819e-01 1.3315935e-03 1.7045987e-03 1491770 1295.99038 1294.01501 9.0513115e+03 1.1752316e+01 1.4506711e+03 4.0512753e+00 9.7903926e+03 1.3040498e+01 0 "" "" "" "" 1295.99038 1.1528824e-03 1294.01501 9.5553574e-04 6.3343085e-03 -1.2800222e-03
3299.3604436553424 1.0007669e+00 1.3315873e-03 1.7045726e-03 1491771 1295.98610 1294.01727 9.0572939e+03 1.1752261e+01 1.4484973e+03 4.0467858e+00 9.8006621e+03 1.3040438e+01 0 "" "" "" "" 1295.98610 1.1502019e-03 1294.01727 9.5597206e-04 1.6025068e-03 1.8929669e-03
3299.361832517636 9.9922311e-01 1.3308511e-03 1.7045466e-03 1491772 1295.98972 1294.01883 9.0397197e+03 1.1745765e+01 1.4515979e+03 4.0409069e+00 9.7855439e+03 1.3033228e+01 0 "" "" "" "" 1295.98972 1.1535613e-03 1294.01883 9.5756294e-04 5.0570695e-03 7.8098377e-04
3299.36322137993 9.9993867e-01 1.3313524e-03 1.7045207e-03 1491773 1295.98848 1294.01423 9.0587617e+03 1.1750189e+01 1.4496406e+03 4.0407381e+00 9.7925518e+03 1.3038136e+01 0 "" "" "" "" 1295.98848 1.1506698e-03 1294.01423 9.5541612e-04 4.6108775e-03 -2.3995258e-03
3299.364610242108 9.9900162e-01 1.3313069e-03 1.7044946e-03 1491774 1295.98480 1294.01807 9.0574482e+03 1.1749787e+01 1.4523513e+03 4.0427818e+00 9.7833750e+03 1.3037691e+01 0 "" "" "" "" 1295.98480 1.1514341e-03 1294.01807 9.5506327e-04 2.2849324e-03 1.4973672e-03
3299.3659991044015 9.9900550e-01 1.3310187e-03 1.7044686e-03 1491775 1295.98956 1294.01551 9.0520264e+03 1.1747245e+01 1.4537583e+03 4.0422039e+00 9.7834131e+03 1.3034869e+01 0 "" "" "" "" 1295.98956 1.1506444e-03 1294.01551 9.5616333e-04 6.2434440e-03 -1.8679840e-03
3299.367387966579 9.9863076e-01 1.3303572e-03 1.7044425e-03 1491776 1295.98929 1294.01774 9.0449473e+03 1.1741405e+01 1.4470070e+03 4.0358977e+00 9.7797432e+03 1.3028391e+01 0 "" "" "" "" 1295.98929 1.1529495e-03 1294.01774 9.5627119e-04 3.7500586e-03 1.5226521e-03
3299.368776828873 9.9932402e-01 1.3316046e-03 1.7044166e-03 1491777 1295.98627 1294.01540 9.0629990e+03 1.1752415e+01 1.4495647e+03 4.0441480e+00 9.7865322e+03 1.3040606e+01 0 "" "" "" "" 1295.98627 1.1514709e-03 1294.01540 9.5481763e-04 3.0482346e-03 -1.5200744e-03
3299.3701656910507 9.9971998e-01 1.3319154e-03 1.7043905e-03 1491778 1295.98953 1294.01583 9.0629824e+03 1.1755157e+01 1.4532491e+03 4.0474582e+00 9.7904102e+03 1.3043650e+01 0 "" "" "" "" 1295.98953 1.1527935e-03 1294.01583 9.5560629e-04 7.1961111e-03 -9.1568544e-04
3299.371554553228 9.9896091e-01 1.3318189e-03 1.7043644e-03 1491779 1295.98280 1294.01718 9.0544131e+03 1.1754305e+01 1.4524769e+03 4.0453792e+00 9.7829766e+03 1.3042705e+01 0 "" "" "" "" 1295.98280 1.1526126e-03 1294.01718 9.5556694e-04 4.2348375e-04 3.0841384e-04
3299.3729434155225 9.9876440e-01 1.3301899e-03 1.7043385e-03 1491780 1295.98590 1294.01826 9.0358281e+03 1.1739928e+01 1.4482202e+03 4.0371685e+00 9.7810518e+03 1.3026752e+01 0 "" "" "" "" 1295.98590 1.1526098e-03 1294.01826 9.5769827e-04 3.1105466e-03 1.7781883e-03
3299.3743322777004 9.9979061e-01 1.3313385e-03 1.7043124e-03 1491781 1295.99256 1294.01503 9.0563818e+03 1.1750067e+01 1.4527566e+03 4.0424953e+00 9.7911016e+03 1.3038001e+01 0 "" "" "" "" 1295.99256 1.1524996e-03 1294.01503 9.5661613e-04 6.8788123e-03 -1.6770706e-03
3299.3757211398774 9.9824375e-01 1.3312411e-03 1.7042863e-03 1491782 1295.98482 1294.01554 9.0466152e+03 1.1749206e+01 1.4515508e+03 4.0467386e+00 9.7759531e+03 1.3037046e+01 0 "" "" "" "" 1295.98482 1.1548963e-03 1294.01554 9.5725205e-04 1.7516213e-03 -2.1517547e-03
3299.3771100020554 9.9868399e-01 1.3313553e-03 1.7042602e-03 1491783 1295.98867 1294.01792 9.0468564e+03 1.1750215e+01 1.4565071e+03 4.0509653e+00 9.7802646e+03 1.3038165e+01 0 "" "" "" "" 1295.98867 1.1509287e-03 1294.01792 9.5602294e-04 5.7957144e-03 2.3163252e-03
3299.3784988642333 9.9950272e-01 1.3311525e-03 1.7042342e-03 1491784 1295.98721 1294.01593 9.0475566e+03 1.1748425e+01 1.4547947e+03 4.0454946e+00 9.7882822e+03 1.3036180e+01 0 "" "" "" "" 1295.98721 1.1527109e-03 1294.01593 9.5652736e-04 4.5884936e-03 -1.7703286e-03
3299.3798877265267 9.9762571e-01 1.3310005e-03 1.7042082e-03 1491785 1295.98743 1294.01772 9.0413506e+03 1.1747083e+01 1.4559187e+03 4.0476255e+00 9.7699004e+03 1.3034691e+01 0 "" "" "" "" 1295.98743 1.1551040e-03 1294.01772 9.5718825e-04 2.8410386e-03 -6.1439461e-04
3299.3812765887046 9.9918550e-01 1.3316590e-03 1.7041821e-03 1491786 1295.98936 1294.01594 9.0560352e+03 1.1752894e+01 1.4558916e+03 4.0429435e+00 9.7851758e+03 1.3041140e+01 0 "" "" "" "" 1295.98936 1.1517045e-03 1294.01594 9.5643679e-04 5.2835234e-03 -9.5290095e-05
3299.382665450882 9.9983287e-01 1.3321001e-03 1.7041560e-03 1491787 1295.98699 1294.01515 9.0485811e+03 1.1756788e+01 1.4580762e+03 4.0498805e+00 9.7915156e+03 1.3045460e+01 0 "" "" "" "" 1295.98699 1.1527685e-03 1294.01515 9.5776113e-04 3.2352824e-03 -1.2905071e-03
3299.384054313058 9.9913043e-01 1.3313185e-03 1.7041300e-03 1491788 1295.98875 1294.01789 9.0507119e+03 1.1749889e+01 1.4543988e+03 4.0457058e+00 9.7846367e+03 1.3037805e+01 0 "" "" "" "" 1295.98875 1.1525224e-03 1294.01789 9.5611665e-04 4.8358594e-03 1.2981039e-03
3299.385443175236 9.9951595e-01 1.3310923e-03 1.7041039e-03 1491789 1295.98488 1294.01600 9.0641211e+03 1.1747893e+01 1.4418831e+03 4.0343757e+00 9.7884121e+03 1.3035590e+01 0 "" "" "" "" 1295.98488 1.1520174e-03 1294.01600 9.5452747e-04 2.1937536e-03 -1.5085924e-03
3299.386832037414 9.9930120e-01 1.3300608e-03 1.7040778e-03 1491790 1295.98519 1294.01701 9.0459502e+03 1.1738790e+01 1.4442726e+03 4.0341711e+00 9.7863086e+03 1.3025488e+01 0 "" "" "" "" 1295.98519 1.1518931e-03 1294.01701 9.5603470e-04 2.0729164e-03 1.0604792e-03
3299.388220899591 1.0001824e+00 1.3317621e-03 1.7040517e-03 1491791 1295.98975 1294.01648 9.0638525e+03 1.1753804e+01 1.4510931e+03 4.0430059e+00 9.7949385e+03 1.3042149e+01 0 "" "" "" "" 1295.98975 1.1522679e-03 1294.01648 9.5527899e-04 5.2793855e-03 2.8247098e-04
3299.389609761769 1.0012748e+00 1.3322773e-03 1.7040257e-03 1491792 1295.98791 1294.01609 9.0689053e+03 1.1758352e+01 1.4497382e+03 4.0467296e+00 9.8056367e+03 1.3047194e+01 0 "" "" "" "" 1295.98791 1.1502499e-03 1294.01609 9.5523021e-04 4.7724973e-03 -4.3474787e-04
3299.390998623947 9.9858999e-01 1.3303541e-03 1.7039996e-03 1491793 1295.98571 1294.01628 9.0308652e+03 1.1741378e+01 1.4522688e+03 4.0482526e+00 9.7793438e+03 1.3028360e+01 0 "" "" "" "" 1295.98571 1.1540529e-03 1294.01628 9.5764699e-04 -1.5337204e-03 -7.3475065e-04
3299.392387486124 9.9959701e-01 1.3312011e-03 1.7039735e-03 1491794 1295.99194 1294.01824 9.0380586e+03 1.1748853e+01 1.4558796e+03 4.0509553e+00 9.7892061e+03 1.3036654e+01 0 "" "" "" "" 1295.99194 1.1523411e-03 1294.01824 9.5812714e-04 9.1398088e-03 7.3558697e-04
3299.3937763481854 9.9819481e-01 1.3304714e-03 1.7039473e-03 1491795 1295.98460 1294.01588 9.0408662e+03 1.1742413e+01 1.4536328e+03 4.0432186e+00 9.7754736e+03 1.3029509e+01 0 "" "" "" "" 1295.98460 1.1529364e-03 1294.01588 9.5590175e-04 1.1283519e-03 -1.5269121e-04
3299.3951652103633 9.9911749e-01 1.3311962e-03 1.7039212e-03 1491796 1295.98698 1294.01834 9.0493223e+03 1.1748811e+01 1.4514956e+03 4.0419240e+00 9.7845098e+03 1.3036607e+01 0 "" "" "" "" 1295.98698 1.1533301e-03 1294.01834 9.5783791e-04 3.2386591e-03 2.7030259e-03
3299.3965540725408 1.0006037e+00 1.3321453e-03 1.7038952e-03 1491797 1295.98716 1294.01826 9.0664795e+03 1.1757187e+01 1.4548790e+03 4.0435972e+00 9.7990645e+03 1.3045902e+01 0 "" "" "" "" 1295.98716 1.1530721e-03 1294.01826 9.5442293e-04 2.5226029e-03 2.5173370e-03
3299.3979429347182 9.9966973e-01 1.3316203e-03 1.7038691e-03 1491798 1295.98673 1294.01384 9.0509473e+03 1.1752553e+01 1.4516714e+03 4.0478888e+00 9.7899180e+03 1.3040760e+01 0 "" "" "" "" 1295.98673 1.1550260e-03 1294.01384 9.5757237e-04 2.9534008e-03 -3.1552131e-03
3299.3993317967797 9.9847740e-01 1.3319552e-03 1.7038429e-03 1491799 1295.98527 1294.01640 9.0466182e+03 1.1755508e+01 1.4553141e+03 4.0475969e+00 9.7782412e+03 1.3044040e+01 0 "" "" "" "" 1295.98527 1.1521975e-03 1294.01640 9.5784263e-04 3.9319103e-03 -2.0104309e-03
3299.400720658957 1.0007176e+00 1.3307245e-03 1.7038168e-03 1491800 1295.98277 1294.01762 9.0574805e+03 1.1744646e+01 1.4487428e+03 4.0368366e+00 9.8001807e+03 1.3031987e+01 0 "" "" "" "" 1295.98277 1.1508298e-03 1294.01762 9.5430156e-04 0.0000000e+00 0.0000000e+00
3299.402109521135 1.0013548e+00 1.3322358e-03 1.7037907e-03 1491801 1295.98813 1294.01552 9.0718877e+03 1.1757986e+01 1.4426674e+03 4.0391140e+00 9.8064199e+03 1.3046788e+01 0 "" "" "" "" 1295.98813 1.1507138e-03 1294.01552 9.5438026e-04 6.1434484e-03 -1.0092913e-04
3299.4034983831966 9.9991465e-01 1.3312887e-03 1.7037645e-03 1491802 1295.98355 1294.01562 9.0568613e+03 1.1749627e+01 1.4534189e+03 4.0385084e+00 9.7923164e+03 1.3037514e+01 0 "" "" "" "" 1295.98355 1.1534943e-03 1294.01562 9.5489348e-04 -1.4824249e-03 -1.9837932e-03
3299.4048872453736 1.0005025e+00 1.3315907e-03 1.7037385e-03 1491803 1295.98871 1294.01807 9.0535771e+03 1.1752293e+01 1.4529373e+03 4.0449586e+00 9.7980732e+03 1.3040471e+01 0 "" "" "" "" 1295.98871 1.1532914e-03 1294.01807 9.5609855e-04 5.2379314e-03 2.0456698e-04
3299.4062761075515 1.0004849e+00 1.3315073e-03 1.7037124e-03 1491804 1295.98494 1294.01937 9.0567246e+03 1.1751556e+01 1.4491945e+03 4.0394974e+00 9.7979014e+03 1.3039654e+01 0 "" "" "" "" 1295.98494 1.1527817e-03 1294.01937 9.5648202e-04 1.5220906e-04 1.6441772e-03
3299.407664969613 1.0014726e+00 1.3315777e-03 1.7036862e-03 1491805 1295.98273 1294.01733 9.0583252e+03 1.1752177e+01 1.4516763e+03 4.0464215e+00 9.8075732e+03 1.3040342e+01 0 "" "" "" "" 1295.98273 1.1531819e-03 1294.01733 9.5550041e-04 -2.2745435e-04 -7.0916874e-05
3299.40905383179 9.9937028e-01 1.3316796e-03 1.7036601e-03 1491806 1295.98754 1294.01744 9.0453135e+03 1.1753078e+01 1.4547042e+03 4.0491595e+00 9.7869854e+03 1.3041342e+01 0 "" "" "" "" 1295.98754 1.1541857e-03 1294.01744 9.5776177e-04 4.1733542e-03 -6.2773644e-04
3299.4104426938516 9.9921203e-01 1.3311125e-03 1.7036339e-03 1491807 1295.98462 1294.01866 9.0531279e+03 1.1748071e+01 1.4524501e+03 4.0384336e+00 9.7854355e+03 1.3035787e+01 0 "" "" "" "" 1295.98462 1.1527030e-03 1294.01866 9.5524715e-04 1.5742070e-03 1.7257610e-03
3299.411831555913 9.9932790e-01 1.3311533e-03 1.7036077e-03 1491808 1295.98753 1294.01783 9.0538740e+03 1.1748431e+01 1.4505579e+03 4.0407085e+00 9.7865703e+03 1.3036187e+01 0 "" "" "" "" 1295.98753 1.1521832e-03 1294.01783 9.5564045e-04 2.5993092e-03 1.1113147e-03
3299.4132204180905 9.9880290e-01 1.3310106e-03 1.7035817e-03 1491809 1295.98625 1294.01703 9.0391943e+03 1.1747172e+01 1.4552185e+03 4.0468602e+00 9.7814287e+03 1.3034790e+01 0 "" "" "" "" 1295.98625 1.1550901e-03 1294.01703 9.5707335e-04 2.4419765e-03 -2.0076100e-04
3299.414609280152 9.9913383e-01 1.3316912e-03 1.7035555e-03 1491810 1295.98580 1294.01913 9.0469053e+03 1.1753179e+01 1.4571342e+03 4.0474110e+00 9.7846699e+03 1.3041454e+01 0 "" "" "" "" 1295.98580 1.1545899e-03 1294.01913 9.5626485e-04 2.9759584e-03 2.3773049e-03
3299.4159981423295 9.9995095e-01 1.3318605e-03 1.7035294e-03 1491811 1295.98660 1294.01596 9.0562949e+03 1.1754674e+01 1.4550431e+03 4.0501952e+00 9.7926719e+03 1.3043113e+01 0 "" "" "" "" 1295.98660 1.1530180e-03 1294.01596 9.5612823e-04 2.0626893e-03 6.3169326e-05
3299.4173870043905 9.9967992e-01 1.3329049e-03 1.7035032e-03 1491812 1295.98847 1294.01730 9.0611963e+03 1.1763890e+01 1.4504443e+03 4.0522547e+00 9.7900176e+03 1.3053341e+01 0 "" "" "" "" 1295.98847 1.1527255e-03 1294.01730 9.5707219e-04 3.5979836e-03 -1.1080449e-03
3299.418775866452 9.9812078e-01 1.3306557e-03 1.7034770e-03 1491813 1295.98904 1294.01775 9.0411777e+03 1.1744040e+01 1.4473273e+03 4.0484471e+00 9.7747490e+03 1.3031314e+01 0 "" "" "" "" 1295.98904 1.1534936e-03 1294.01775 9.5673575e-04 4.8142723e-03 6.1674532e-04
3299.420164728513 9.9967194e-01 1.3311559e-03 1.7034508e-03 1491814 1295.98649 1294.01453 9.0548516e+03 1.1748453e+01 1.4498162e+03 4.0429230e+00 9.7899395e+03 1.3036212e+01 0 "" "" "" "" 1295.98649 1.1526030e-03 1294.01453 9.5665705e-04 1.3972654e-03 -1.8610035e-03
3299.4215535906906 9.9882770e-01 1.3319331e-03 1.7034247e-03 1491815 1295.98572 1294.01857 9.0444580e+03 1.1755313e+01 1.4591613e+03 4.0518675e+00 9.7816719e+03 1.3043823e+01 0 "" "" "" "" 1295.98572 1.1542881e-03 1294.01857 9.5691410e-04 4.0751020e-03 1.4952741e-03
3299.422942452752 9.9967152e-01 1.3310441e-03 1.7033985e-03 1491816 1295.98889 1294.01464 9.0408145e+03 1.1747468e+01 1.4495955e+03 4.0523901e+00 9.7899355e+03 1.3035118e+01 0 "" "" "" "" 1295.98889 1.1524206e-03 1294.01464 9.5579907e-04 4.0746089e-03 -1.3694699e-03
3299.4243313148136 9.9815500e-01 1.3307598e-03 1.7033723e-03 1491817 1295.98444 1294.01856 9.0431602e+03 1.1744960e+01 1.4505415e+03 4.0417695e+00 9.7750840e+03 1.3032334e+01 0 "" "" "" "" 1295.98444 1.1538988e-03 1294.01856 9.5572235e-04 2.4608001e-03 1.9943535e-03
3299.425720176874 1.0006871e+00 1.3336532e-03 1.7033461e-03 1491818 1295.98540 1294.01444 9.0848945e+03 1.1770495e+01 1.4493208e+03 4.0418839e+00 9.7998809e+03 1.3060669e+01 0 "" "" "" "" 1295.98540 1.1502288e-03 1294.01444 9.5583324e-04 2.7926292e-03 -1.8917847e-03
3299.4271090389348 9.9954605e-01 1.3307796e-03 1.7033200e-03 1491819 1295.98714 1294.01403 9.0427109e+03 1.1745134e+01 1.4534265e+03 4.0472608e+00 9.7887070e+03 1.3032528e+01 0 "" "" "" "" 1295.98714 1.1517095e-03 1294.01403 9.5563463e-04 4.7567245e-03 -5.2580916e-05
3299.4284979009954 1.0001655e+00 1.3314961e-03 1.7032938e-03 1491820 1295.98418 1294.01968 9.0634570e+03 1.1751456e+01 1.4452750e+03 4.0416656e+00 9.7947725e+03 1.3039543e+01 0 "" "" "" "" 1295.98418 1.1506336e-03 1294.01968 9.5566158e-04 -1.0960996e-03 1.5240473e-03
3299.4298867630564 9.9963701e-01 1.3309390e-03 1.7032676e-03 1491821 1295.98817 1294.01531 9.0435371e+03 1.1746541e+01 1.4479121e+03 4.0436587e+00 9.7895977e+03 1.3034088e+01 0 "" "" "" "" 1295.98817 1.1533279e-03 1294.01531 9.5775397e-04 2.8150924e-03 -3.5285208e-04
3299.431275625118 1.0016196e+00 1.3331429e-03 1.7032414e-03 1491822 1295.98468 1294.01565 9.0804131e+03 1.1765990e+01 1.4534302e+03 4.0455041e+00 9.8090137e+03 1.3055671e+01 0 "" "" "" "" 1295.98468 1.1521805e-03 1294.01565 9.5563877e-04 1.9591679e-03 -2.7123860e-03
3299.4326644871794 9.9994457e-01 1.3323434e-03 1.7032152e-03 1491823 1295.98684 1294.01913 9.0569365e+03 1.1758935e+01 1.4553899e+03 4.0493684e+00 9.7926094e+03 1.3047842e+01 0 "" "" "" "" 1295.98684 1.1545670e-03 1294.01913 9.5662416e-04 4.0099593e-03 1.9644762e-03
3299.43405334924 9.9739385e-01 1.3305774e-03 1.7031890e-03 1491824 1295.98507 1294.01849 9.0294102e+03 1.1743349e+01 1.4546904e+03 4.0465899e+00 9.7676299e+03 1.3030547e+01 0 "" "" "" "" 1295.98507 1.1527186e-03 1294.01849 9.5782807e-04 1.1015260e-03 2.2694943e-03
3299.4354422113015 9.9940610e-01 1.3314537e-03 1.7031628e-03 1491825 1295.98673 1294.01548 9.0487275e+03 1.1751082e+01 1.4503730e+03 4.0426002e+00 9.7873359e+03 1.3039128e+01 0 "" "" "" "" 1295.98673 1.1520511e-03 1294.01548 9.5700839e-04 2.1851733e-03 -2.9164383e-03
3299.436831073363 9.9883097e-01 1.3312374e-03 1.7031366e-03 1491826 1295.98716 1294.01782 9.0381357e+03 1.1749174e+01 1.4543112e+03 4.0516090e+00 9.7817041e+03 1.3037010e+01 0 "" "" "" "" 1295.98716 1.1534565e-03 1294.01782 9.5744425e-04 4.9363459e-03 1.1936106e-03
3299.4382199354236 9.9954331e-01 1.3313236e-03 1.7031104e-03 1491827 1295.98617 1294.01359 9.0398770e+03 1.1749935e+01 1.4599379e+03 4.0520968e+00 9.7886797e+03 1.3037855e+01 0 "" "" "" "" 1295.98617 1.1549606e-03 1294.01359 9.5724192e-04 3.1042246e-03 -2.3544952e-03
3299.4396087974847 9.9926198e-01 1.3307956e-03 1.7030842e-03 1491828 1295.98468 1294.01676 9.0451260e+03 1.1745275e+01 1.4514604e+03 4.0439768e+00 9.7859248e+03 1.3032684e+01 0 "" "" "" "" 1295.98468 1.1533325e-03 1294.01676 9.5605990e-04 -4.7105859e-04 1.6310095e-03
3299.440997659546 1.0003948e+00 1.3310696e-03 1.7030580e-03 1491829 1295.98830 1294.01634 9.0412744e+03 1.1747693e+01 1.4496560e+03 4.0420213e+00 9.7970186e+03 1.3035368e+01 0 "" "" "" "" 1295.98830 1.1538065e-03 1294.01634 9.5870066e-04 3.9959871e-03 1.2018059e-03
3299.4423865216077 1.0015990e+00 1.3329049e-03 1.7030318e-03 1491830 1295.98427 1294.01618 9.0795840e+03 1.1763890e+01 1.4505992e+03 4.0473218e+00 9.8088115e+03 1.3053341e+01 0 "" "" "" "" 1295.98427 1.1501308e-03 1294.01618 9.5468829e-04 1.1292436e-03 -7.3678122e-04
3299.443775383552 9.9956274e-01 1.3315296e-03 1.7030055e-03 1491831 1295.98771 1294.01590 9.0510391e+03 1.1751753e+01 1.4532550e+03 4.0480251e+00 9.7888701e+03 1.3039872e+01 0 "" "" "" "" 1295.98771 1.1517769e-03 1294.01590 9.5637253e-04 4.1492982e-03 -2.2008106e-04
3299.4451642456133 1.0004563e+00 1.3320387e-03 1.7029793e-03 1491832 1295.98674 1294.01569 9.0650215e+03 1.1756246e+01 1.4553207e+03 4.0429096e+00 9.7976211e+03 1.3044858e+01 0 "" "" "" "" 1295.98674 1.1512738e-03 1294.01569 9.5573458e-04 1.5705373e-03 -4.1152508e-04
3299.446553107675 9.9823427e-01 1.3310763e-03 1.7029531e-03 1491833 1295.98727 1294.01744 9.0341045e+03 1.1747752e+01 1.4556506e+03 4.0491858e+00 9.7758604e+03 1.3035433e+01 0 "" "" "" "" 1295.98727 1.1566189e-03 1294.01744 9.5823820e-04 2.9082880e-03 1.2478987e-03
3299.4479419697354 1.0004125e+00 1.3312036e-03 1.7029269e-03 1491834 1295.98326 1294.01803 9.0498564e+03 1.1748875e+01 1.4537712e+03 4.0451131e+00 9.7971914e+03 1.3036679e+01 0 "" "" "" "" 1295.98326 1.1533255e-03 1294.01803 9.5564750e-04 -2.8851270e-03 5.2512588e-04
3299.4493308316805 9.9904728e-01 1.3309707e-03 1.7029006e-03 1491835 1295.99175 1294.01747 9.0426055e+03 1.1746820e+01 1.4544827e+03 4.0470533e+00 9.7838223e+03 1.3034399e+01 0 "" "" "" "" 1295.99175 1.1528274e-03 1294.01747 9.5709320e-04 9.3048504e-03 1.5713704e-03
3299.450719693742 1.0000691e+00 1.3317683e-03 1.7028744e-03 1491836 1295.98271 1294.01502 9.0511924e+03 1.1753860e+01 1.4584412e+03 4.0514235e+00 9.7938291e+03 1.3042211e+01 0 "" "" "" "" 1295.98271 1.1526967e-03 1294.01502 9.5711660e-04 -1.5916459e-03 -1.5432156e-03
3299.452108555686 9.9926615e-01 1.3319311e-03 1.7028481e-03 1491837 1295.98668 1294.01734 9.0363271e+03 1.1755296e+01 1.4651410e+03 4.0641975e+00 9.7859658e+03 1.3043804e+01 0 "" "" "" "" 1295.98668 1.1565330e-03 1294.01734 9.5718971e-04 2.2915441e-03 8.0382609e-04
3299.4534974177477 9.9967539e-01 1.3319574e-03 1.7028219e-03 1491838 1295.98837 1294.01775 9.0516719e+03 1.1755529e+01 1.4600729e+03 4.0567594e+00 9.7899736e+03 1.3044062e+01 0 "" "" "" "" 1295.98837 1.1527886e-03 1294.01775 9.5536356e-04 3.4250100e-03 -2.8820661e-05
3299.454886279809 1.0001040e+00 1.3331417e-03 1.7027957e-03 1491839 1295.98622 1294.01570 9.0700098e+03 1.1765982e+01 1.4642740e+03 4.0533366e+00 9.7941699e+03 1.3055660e+01 0 "" "" "" "" 1295.98622 1.1515460e-03 1294.01570 9.5636968e-04 3.3324522e-03 1.2248022e-03
3299.4562751417534 1.0006347e+00 1.3340685e-03 1.7027694e-03 1491840 1295.98562 1294.01702 9.0706191e+03 1.1774160e+01 1.4683107e+03 4.0624695e+00 9.7993672e+03 1.3064735e+01 0 "" "" "" "" 1295.98562 1.1516346e-03 1294.01702 9.5659011e-04 9.1072673e-04 -7.0156576e-04
3299.457664003815 1.0010297e+00 1.3333567e-03 1.7027432e-03 1491841 1295.98156 1294.01698 9.0565791e+03 1.1767879e+01 1.4691686e+03 4.0642734e+00 9.8032363e+03 1.3057765e+01 0 "" "" "" "" 1295.98156 1.1545651e-03 1294.01698 9.5756334e-04 -8.1364374e-04 -2.8745242e-04
3299.45905286576 1.0012432e+00 1.3336909e-03 1.7027169e-03 1491842 1295.98835 1294.01581 9.0658184e+03 1.1770829e+01 1.4713564e+03 4.0624886e+00 9.8053271e+03 1.3061039e+01 0 "" "" "" "" 1295.98835 1.1526138e-03 1294.01581 9.5677661e-04 3.7142716e-03 -4.8453599e-04
3299.4604417278206 9.9888623e-01 1.3332387e-03 1.7026907e-03 1491843 1295.98789 1294.01827 9.0381904e+03 1.1766837e+01 1.4811324e+03 4.0738344e+00 9.7822451e+03 1.3056609e+01 0 "" "" "" "" 1295.98789 1.1574407e-03 1294.01827 9.5891900e-04 1.7735715e-03 1.3502421e-03
3299.4618305897657 9.9935305e-01 1.3347461e-03 1.7026644e-03 1491844 1295.98687 1294.01444 9.0668672e+03 1.1780141e+01 1.4829822e+03 4.0706730e+00 9.7868164e+03 1.3071372e+01 0 "" "" "" "" 1295.98687 1.1545462e-03 1294.01444 9.5742434e-04 3.3576158e-03 -1.4531728e-03
3299.4632194517108 9.9887365e-01 1.3339296e-03 1.7026381e-03 1491845 1295.98669 1294.01493 9.0365508e+03 1.1772934e+01 1.4891792e+03 4.0825100e+00 9.7821221e+03 1.3063375e+01 0 "" "" "" "" 1295.98669 1.1560054e-03 1294.01493 9.5996377e-04 3.7923909e-03 -2.2184274e-04
3299.4646083137714 9.9976718e-01 1.3350035e-03 1.7026119e-03 1491846 1295.98835 1294.01862 9.0505488e+03 1.1782412e+01 1.4888591e+03 4.0822659e+00 9.7908721e+03 1.3073893e+01 0 "" "" "" "" 1295.98835 1.1569973e-03 1294.01862 9.5905020e-04 2.8777069e-03 1.7590182e-03
3299.4659971757164 9.9926955e-01 1.3369080e-03 1.7025856e-03 1491847 1295.98697 1294.01514 9.0638828e+03 1.1799221e+01 1.4985486e+03 4.0953426e+00 9.7859990e+03 1.3092544e+01 0 "" "" "" "" 1295.98697 1.1574769e-03 1294.01514 9.6050126e-04 3.6622931e-03 1.3890048e-03
3299.4673860376615 9.9829298e-01 1.3348573e-03 1.7025593e-03 1491848 1295.98430 1294.01663 9.0281406e+03 1.1781122e+01 1.5026383e+03 4.0973163e+00 9.7764355e+03 1.3072461e+01 0 "" "" "" "" 1295.98430 1.1611496e-03 1294.01663 9.6180011e-04 -7.3063909e-04 -2.4077522e-04
3299.468774899722 1.0004653e+00 1.3373524e-03 1.7025331e-03 1491849 1295.98409 1294.01705 9.0583711e+03 1.1803144e+01 1.5142864e+03 4.1032510e+00 9.7977090e+03 1.3096896e+01 0 "" "" "" "" 1295.98409 1.1574728e-03 1294.01705 9.6012960e-04 1.3147347e-03 8.8907185e-04
3299.470163761667 1.0014430e+00 1.3370768e-03 1.7025068e-03 1491850 1295.98866 1294.01820 9.0538066e+03 1.1800711e+01 1.5131643e+03 4.1096487e+00 9.8072842e+03 1.3094196e+01 0 "" "" "" "" 1295.98866 1.1589264e-03 1294.01820 9.6111087e-04 5.2072071e-03 1.9032731e-04
3299.471552623612 9.9752176e-01 1.3364846e-03 1.7024805e-03 1491851 1295.98646 1294.01651 9.0278906e+03 1.1795485e+01 1.5184282e+03 4.1119094e+00 9.7688828e+03 1.3088397e+01 0 "" "" "" "" 1295.98646 1.1628654e-03 1294.01651 9.6397317e-04 -1.7044524e-04 -1.6770604e-05
3299.4729414855556 9.9971360e-01 1.3378838e-03 1.7024542e-03 1491852 1295.98418 1294.01820 9.0420264e+03 1.1807833e+01 1.5239775e+03 4.1156406e+00 9.7903477e+03 1.3102099e+01 0 "" "" "" "" 1295.98418 1.1620190e-03 1294.01820 9.6353359e-04 1.7145944e-03 1.5051701e-03
3299.474330347617 1.0007279e+00 1.3393813e-03 1.7024280e-03 1491853 1295.98564 1294.01641 9.0583389e+03 1.1821050e+01 1.5338143e+03 4.1251178e+00 9.8002812e+03 1.3116765e+01 0 "" "" "" "" 1295.98564 1.1609507e-03 1294.01641 9.6311845e-04 4.1209438e-04 -5.2900589e-04
3299.475719209562 9.9921173e-01 1.3390376e-03 1.7024017e-03 1491854 1295.98627 1294.01620 9.0346846e+03 1.1818016e+01 1.5448433e+03 4.1352868e+00 9.7854326e+03 1.3113399e+01 0 "" "" "" "" 1295.98627 1.1630566e-03 1294.01620 9.6513418e-04 2.1113928e-03 6.7143753e-04
3299.4771080715063 1.0005797e+00 1.3402913e-03 1.7023754e-03 1491855 1295.98228 1294.01587 9.0386553e+03 1.1829082e+01 1.5528927e+03 4.1469264e+00 9.7988291e+03 1.3125677e+01 0 "" "" "" "" 1295.98228 1.1652062e-03 1294.01587 9.6517033e-04 -7.5171585e-04 -9.7190251e-04
3299.4784969334514 1.0007913e+00 1.3411337e-03 1.7023491e-03 1491856 1295.98796 1294.01689 9.0574951e+03 1.1836516e+01 1.5556636e+03 4.1443906e+00 9.8009023e+03 1.3133927e+01 0 "" "" "" "" 1295.98796 1.1627498e-03 1294.01689 9.6424296e-04 1.2400916e-03 5.8558554e-04
3299.4798857953965 1.0017812e+00 1.3421995e-03 1.7023227e-03 1491857 1295.98578 1294.01760 9.0616006e+03 1.1845922e+01 1.5630098e+03 4.1569929e+00 9.8105967e+03 1.3144364e+01 0 "" "" "" "" 1295.98578 1.1661806e-03 1294.01760 9.6443237e-04 1.6992798e-03 4.6717902e-04
3299.4812746573407 1.0007949e+00 1.3425618e-03 1.7022964e-03 1491858 1295.98631 1294.01693 9.0465498e+03 1.1849120e+01 1.5744449e+03 4.1645842e+00 9.8009365e+03 1.3147912e+01 0 "" "" "" "" 1295.98631 1.1664503e-03 1294.01693 9.6695794e-04 1.0802297e-04 3.6512761e-04
3299.482663519286 9.9962568e-01 1.3435716e-03 1.7022701e-03 1491859 1295.98173 1294.01730 9.0416289e+03 1.1858031e+01 1.5884606e+03 4.1814890e+00 9.7894863e+03 1.3157801e+01 0 "" "" "" "" 1295.98173 1.1693044e-03 1294.01730 9.6819864e-04 -2.3272105e-03 6.2994426e-04
3299.484052381231 1.0017043e+00 1.3450590e-03 1.7022438e-03 1491860 1295.99325 1294.01823 9.0613838e+03 1.1871161e+01 1.5940847e+03 4.1857686e+00 9.8098428e+03 1.3172368e+01 0 "" "" "" "" 1295.99325 1.1673471e-03 1294.01823 9.6690853e-04 7.3124212e-03 1.7706964e-03
3299.485441243175 9.9949652e-01 1.3459808e-03 1.7022175e-03 1491861 1295.98193 1294.01725 9.0430547e+03 1.1879294e+01 1.6115724e+03 4.1999273e+00 9.7882217e+03 1.3181395e+01 0 "" "" "" "" 1295.98193 1.1697621e-03 1294.01725 9.6940127e-04 -1.9765908e-03 1.7329393e-04
3299.48683010512 1.0015281e+00 1.3479083e-03 1.7021912e-03 1491862 1295.98616 1294.01760 9.0487100e+03 1.1896308e+01 1.6194336e+03 4.2120261e+00 9.8081172e+03 1.3200272e+01 0 "" "" "" "" 1295.98616 1.1719647e-03 1294.01760 9.7239047e-04 3.6526178e-03 3.6162027e-04
3299.488218967065 1.0019600e+00 1.3480462e-03 1.7021649e-03 1491863 1295.98815 1294.01506 9.0560596e+03 1.1897525e+01 1.6332812e+03 4.2164507e+00 9.8123477e+03 1.3201622e+01 0 "" "" "" "" 1295.98815 1.1709005e-03 1294.01506 9.7070198e-04 2.6819659e-03 -1.2292581e-03
3299.4896078290094 1.0000113e+00 1.3482074e-03 1.7021386e-03 1491864 1295.98723 1294.01729 9.0451562e+03 1.1898946e+01 1.6354772e+03 4.2250795e+00 9.7932637e+03 1.3203200e+01 0 "" "" "" "" 1295.98723 1.1727267e-03 1294.01729 9.7184564e-04 2.2501613e-03 -5.3493405e-04
3299.4909966909545 9.9874705e-01 1.3499625e-03 1.7021123e-03 1491865 1295.98202 1294.01933 9.0328496e+03 1.1914436e+01 1.6537450e+03 4.2534008e+00 9.7808818e+03 1.3220388e+01 0 "" "" "" "" 1295.98202 1.1777949e-03 1294.01933 9.7453716e-04 -3.2038481e-03 3.1732377e-03
3299.4923855528996 1.0000247e+00 1.3503820e-03 1.7020860e-03 1491866 1295.98513 1294.01652 9.0409688e+03 1.1918139e+01 1.6634818e+03 4.2495265e+00 9.7933945e+03 1.3224497e+01 0 "" "" "" "" 1295.98513 1.1760636e-03 1294.01652 9.7447686e-04 -3.7026257e-04 2.0202126e-03
3299.4937744148438 1.0011514e+00 1.3529052e-03 1.7020596e-03 1491867 1295.98817 1294.01927 9.0500312e+03 1.1940409e+01 1.6819089e+03 4.2689271e+00 9.8044287e+03 1.3249207e+01 0 "" "" "" "" 1295.98817 1.1751148e-03 1294.01927 9.7486959e-04 5.0654220e-03 2.7868222e-03
3299.495163276789 1.0024724e+00 1.3544071e-03 1.7020333e-03 1491868 1295.98966 1294.02079 9.0577168e+03 1.1953664e+01 1.6939425e+03 4.2863040e+00 9.8173652e+03 1.3263914e+01 0 "" "" "" "" 1295.98966 1.1780799e-03 1294.02079 9.7435829e-04 4.8512779e-03 4.2445539e-03
3299.4965521386175 1.0014428e+00 1.3551700e-03 1.7020069e-03 1491869 1295.98190 1294.01731 9.0527227e+03 1.1960397e+01 1.7116288e+03 4.2958794e+00 9.8072822e+03 1.3271386e+01 0 "" "" "" "" 1295.98190 1.1791822e-03 1294.01731 9.7744365e-04 -5.4012029e-03 2.5233530e-04
3299.4979410005617 1.0011163e+00 1.3563590e-03 1.7019806e-03 1491870 1295.98835 1294.01551 9.0607109e+03 1.1970891e+01 1.7161099e+03 4.2983584e+00 9.8040840e+03 1.3283031e+01 0 "" "" "" "" 1295.98835 1.1801413e-03 1294.01551 9.7714947e-04 2.5232846e-03 -2.9699935e-03
3299.499329862507 1.0008987e+00 1.3560759e-03 1.7019543e-03 1491871 1295.98570 1294.01577 9.0282510e+03 1.1968391e+01 1.7325728e+03 4.3232117e+00 9.8019541e+03 1.3280257e+01 0 "" "" "" "" 1295.98570 1.1835553e-03 1294.01577 9.8067301e-04 2.0226687e-03 1.1247351e-04
3299.500718724452 9.9949872e-01 1.3584845e-03 1.7019280e-03 1491872 1295.98472 1294.01614 9.0414375e+03 1.1989650e+01 1.7482826e+03 4.3347392e+00 9.7882432e+03 1.3303845e+01 0 "" "" "" "" 1295.98472 1.1846140e-03 1294.01614 9.8055752e-04 -1.4916809e-03 -1.9797834e-03
3299.50210758628 9.9981242e-01 1.3605591e-03 1.7019016e-03 1491873 1295.98621 1294.01362 9.0503838e+03 1.2007960e+01 1.7638658e+03 4.3512616e+00 9.7913154e+03 1.3324163e+01 0 "" "" "" "" 1295.98621 1.1849726e-03 1294.01362 9.8171714e-04 2.1650377e-03 -2.2629828e-03
3299.5034964482247 1.0002247e+00 1.3633196e-03 1.7018752e-03 1491874 1295.98918 1294.01696 9.0624551e+03 1.2032323e+01 1.7861284e+03 4.3668523e+00 9.7953535e+03 1.3351196e+01 0 "" "" "" "" 1295.98918 1.1853966e-03 1294.01696 9.8326919e-04 3.5178901e-03 7.7310891e-04
3299.50488531017 1.0010779e+00 1.3632794e-03 1.7018489e-03 1491875 1295.98154 1294.01795 9.0547705e+03 1.2031969e+01 1.8015464e+03 4.3789477e+00 9.8037080e+03 1.3350803e+01 0 "" "" "" "" 1295.98154 1.1868601e-03 1294.01795 9.8207453e-04 -1.6846845e-03 -6.6968358e-05
3299.506274171998 1.0004445e+00 1.3648674e-03 1.7018225e-03 1491876 1295.98658 1294.01650 9.0529990e+03 1.2045984e+01 1.8150647e+03 4.3988237e+00 9.7975059e+03 1.3366355e+01 0 "" "" "" "" 1295.98658 1.1902113e-03 1294.01650 9.8463462e-04 8.3335559e-04 -4.8074071e-04
3299.5076630339427 1.0009593e+00 1.3664730e-03 1.7017962e-03 1491877 1295.98988 1294.01619 9.0473213e+03 1.2060155e+01 1.8358511e+03 4.4140067e+00 9.8025469e+03 1.3382079e+01 0 "" "" "" "" 1295.98988 1.1908145e-03 1294.01619 9.8649005e-04 5.4068402e-03 -7.8303978e-04
3299.5090518958878 1.0004579e+00 1.3677141e-03 1.7017699e-03 1491878 1295.98299 1294.01862 9.0505098e+03 1.2071109e+01 1.8485652e+03 4.4252748e+00 9.7976367e+03 1.3394233e+01 0 "" "" "" "" 1295.98299 1.1952750e-03 1294.01862 9.8729855e-04 -1.6876588e-03 1.0047015e-03
3299.510440757716 1.0004616e+00 1.3693060e-03 1.7017435e-03 1491879 1295.98386 1294.01974 9.0364346e+03 1.2085157e+01 1.8691995e+03 4.4497643e+00 9.7976729e+03 1.3409822e+01 0 "" "" "" "" 1295.98386 1.1982117e-03 1294.01974 9.8977296e-04 -6.7382946e-04 5.8212230e-04
3299.511829619661 9.9999660e-01 1.3718090e-03 1.7017171e-03 1491880 1295.98296 1294.01702 9.0554863e+03 1.2107249e+01 1.8850660e+03 4.4616752e+00 9.7931191e+03 1.3434335e+01 0 "" "" "" "" 1295.98296 1.1972227e-03 1294.01702 9.9077809e-04 1.0881179e-03 -4.1567092e-04
3299.5132184814897 9.9816686e-01 1.3713543e-03 1.7016907e-03 1491881 1295.98616 1294.01844 9.0270527e+03 1.2103235e+01 1.9016179e+03 4.4760404e+00 9.7752002e+03 1.3429882e+01 0 "" "" "" "" 1295.98616 1.2001146e-03 1294.01844 9.9305157e-04 3.4608098e-03 8.2254584e-04
3299.514607343434 9.9916846e-01 1.3746116e-03 1.7016644e-03 1491882 1295.98754 1294.01603 9.0402295e+03 1.2131985e+01 1.9256724e+03 4.5045938e+00 9.7850088e+03 1.3461782e+01 0 "" "" "" "" 1295.98754 1.2013870e-03 1294.01603 9.9368324e-04 2.7357694e-03 -1.3634643e-03
3299.515996205261 9.9870074e-01 1.3756930e-03 1.7016380e-03 1491883 1295.98513 1294.02191 9.0311221e+03 1.2141529e+01 1.9410024e+03 4.5118742e+00 9.7804287e+03 1.3472371e+01 0 "" "" "" "" 1295.98513 1.2056316e-03 1294.02191 9.9654763e-04 2.5271371e-04 3.0156490e-03
3299.5173850672054 1.0000296e+00 1.3789682e-03 1.7016117e-03 1491884 1295.98709 1294.01626 9.0534414e+03 1.2170435e+01 1.9673123e+03 4.5327411e+00 9.7934414e+03 1.3504446e+01 0 "" "" "" "" 1295.98709 1.2057744e-03 1294.01626 9.9658116e-04 2.4594343e-03 -1.8103669e-03
3299.518773929034 1.0005468e+00 1.3790787e-03 1.7015852e-03 1491885 1295.98500 1294.01876 9.0441279e+03 1.2171410e+01 1.9775724e+03 4.5444307e+00 9.7985068e+03 1.3505527e+01 0 "" "" "" "" 1295.98500 1.2069904e-03 1294.01876 9.9743658e-04 -2.0705300e-05 1.6091507e-03
3299.5201627909782 1.0016820e+00 1.3823808e-03 1.7015589e-03 1491886 1295.98615 1294.01479 9.0698330e+03 1.2200553e+01 1.9987665e+03 4.5614409e+00 9.8096250e+03 1.3537866e+01 0 "" "" "" "" 1295.98615 1.2070206e-03 1294.01479 9.9857675e-04 7.3843420e-04 -1.3513670e-03
3299.521551652807 1.0006220e+00 1.3836729e-03 1.7015325e-03 1491887 1295.98278 1294.01915 9.0552529e+03 1.2211957e+01 2.0229211e+03 4.5834446e+00 9.7992441e+03 1.3550520e+01 0 "" "" "" "" 1295.98278 1.2115482e-03 1294.01915 9.9966011e-04 -1.5214160e-03 1.8107826e-03
3299.5229405146356 1.0003500e+00 1.3855930e-03 1.7015061e-03 1491888 1295.98842 1294.01627 9.0459746e+03 1.2228902e+01 2.0472368e+03 4.6061568e+00 9.7965801e+03 1.3569323e+01 0 "" "" "" "" 1295.98842 1.2160266e-03 1294.01627 1.0032358e-03 4.6164566e-03 1.1909448e-03
3299.52432937658 1.0012231e+00 1.3884198e-03 1.7014798e-03 1491889 1295.98511 1294.01503 9.0679844e+03 1.2253851e+01 2.0644641e+03 4.6235404e+00 9.8051299e+03 1.3597006e+01 0 "" "" "" "" 1295.98511 1.2129591e-03 1294.01503 1.0036509e-03 -1.4341713e-04 -1.4596141e-03
3299.5257182384084 1.0001088e+00 1.3883609e-03 1.7014534e-03 1491890 1295.98318 1294.01788 9.0413125e+03 1.2253331e+01 2.0812563e+03 4.6356325e+00 9.7942178e+03 1.3596430e+01 0 "" "" "" "" 1295.98318 1.2182882e-03 1294.01788 1.0054730e-03 2.9431519e-04 2.8351386e-04
3299.527107100237 1.0015031e+00 1.3921331e-03 1.7014269e-03 1491891 1295.98408 1294.01536 9.0652061e+03 1.2286624e+01 2.1077971e+03 4.6605353e+00 9.8078721e+03 1.3633371e+01 0 "" "" "" "" 1295.98408 1.2187808e-03 1294.01536 1.0075844e-03 5.5559666e-04 -4.5594021e-05
3299.5284959621818 1.0027285e+00 1.3940280e-03 1.7014006e-03 1491892 1295.98694 1294.01552 9.0674756e+03 1.2303348e+01 2.1289856e+03 4.6756492e+00 9.8198730e+03 1.3651928e+01 0 "" "" "" "" 1295.98694 1.2196481e-03 1294.01552 1.0094258e-03 3.2971746e-03 -7.4632524e-05
3299.5298848240104 1.0009441e+00 1.3946602e-03 1.7013742e-03 1491893 1295.98497 1294.01795 9.0468711e+03 1.2308928e+01 2.1483613e+03 4.6951737e+00 9.8023984e+03 1.3658120e+01 0 "" "" "" "" 1295.98497 1.2241002e-03 1294.01795 1.0123174e-03 -7.8619394e-04 3.1820186e-03
3299.531273685839 1.0008441e+00 1.3967991e-03 1.7013478e-03 1491894 1295.98646 1294.01661 9.0480801e+03 1.2327806e+01 2.1661067e+03 4.7128053e+00 9.8014189e+03 1.3679067e+01 0 "" "" "" "" 1295.98646 1.2273847e-03 1294.01661 1.0133059e-03 1.9921428e-03 7.5520115e-04
3299.532662547667 9.9776101e-01 1.3986554e-03 1.7013213e-03 1491895 1295.98223 1294.01587 9.0395322e+03 1.2344189e+01 2.1957085e+03 4.7336264e+00 9.7712256e+03 1.3697245e+01 0 "" "" "" "" 1295.98223 1.2291990e-03 1294.01587 1.0154493e-03 -2.1269440e-03 -1.5331311e-03
3299.534051409612 1.0002615e+00 1.4009112e-03 1.7012950e-03 1491896 1295.98521 1294.02092 9.0417217e+03 1.2364100e+01 2.2168682e+03 4.7542882e+00 9.7957139e+03 1.3719337e+01 0 "" "" "" "" 1295.98521 1.2325656e-03 1294.02092 1.0165549e-03 7.6087937e-04 3.0878407e-03
3299.5354402714406 1.0025948e+00 1.4028593e-03 1.7012686e-03 1491897 1295.98409 1294.01617 9.0655391e+03 1.2381291e+01 2.2247622e+03 4.7626810e+00 9.8185635e+03 1.3738415e+01 0 "" "" "" "" 1295.98409 1.2301783e-03 1294.01617 1.0163810e-03 4.2289071e-04 -1.3243158e-04
3299.5368291332684 1.0017501e+00 1.4042993e-03 1.7012422e-03 1491898 1295.98855 1294.01784 9.0617900e+03 1.2394000e+01 2.2482998e+03 4.7829008e+00 9.8102920e+03 1.3752517e+01 0 "" "" "" "" 1295.98855 1.2314569e-03 1294.01784 1.0162543e-03 4.1688518e-03 1.4012008e-03
3299.538217995097 1.0006595e+00 1.4059948e-03 1.7012157e-03 1491899 1295.98280 1294.01534 9.0609580e+03 1.2408965e+01 2.2603193e+03 4.7951717e+00 9.7996104e+03 1.3769121e+01 0 "" "" "" "" 1295.98280 1.2352169e-03 1294.01534 1.0195897e-03 -1.5166573e-03 -2.8540434e-03
3299.5396068569257 1.0025316e+00 1.4088367e-03 1.7011893e-03 1491900 1295.98430 1294.01793 9.0837451e+03 1.2434046e+01 2.2791450e+03 4.8137617e+00 9.8179453e+03 1.3796952e+01 0 "" "" "" "" 1295.98430 1.2352860e-03 1294.01793 1.0182443e-03 -1.0261852e-03 2.0857682e-03
3299.540995718754 9.9986309e-01 1.4087398e-03 1.7011629e-03 1491901 1295.98378 1294.01644 9.0445059e+03 1.2433190e+01 2.3032554e+03 4.8321457e+00 9.7918115e+03 1.3796003e+01 0 "" "" "" "" 1295.98378 1.2406099e-03 1294.01644 1.0226159e-03 8.2253647e-04 -1.1281347e-03
3299.5423845805826 1.0013037e+00 1.4107507e-03 1.7011365e-03 1491902 1295.98618 1294.01770 9.0609209e+03 1.2450938e+01 2.3186113e+03 4.8445868e+00 9.8059189e+03 1.3815696e+01 0 "" "" "" "" 1295.98618 1.2407341e-03 1294.01770 1.0231914e-03 -9.6985983e-05 1.4453216e-03
3299.543773442411 1.0011393e+00 1.4120819e-03 1.7011100e-03 1491903 1295.98041 1294.01755 9.0600059e+03 1.2462687e+01 2.3385625e+03 4.8577671e+00 9.8043096e+03 1.3828733e+01 0 "" "" "" "" 1295.98041 1.2423280e-03 1294.01755 1.0244601e-03 -3.0529534e-03 5.6493049e-04
3299.545162304239 1.0008798e+00 1.4140176e-03 1.7010836e-03 1491904 1295.98973 1294.01852 9.0530898e+03 1.2479772e+01 2.3579773e+03 4.8790026e+00 9.8017676e+03 1.3847691e+01 0 "" "" "" "" 1295.98973 1.2441156e-03 1294.01852 1.0256595e-03 3.3069884e-03 2.1191949e-03
3299.5465511660677 1.0015090e+00 1.4155150e-03 1.7010572e-03 1491905 1295.98266 1294.01673 9.0622412e+03 1.2492987e+01 2.3743760e+03 4.8853445e+00 9.8079297e+03 1.3862354e+01 0 "" "" "" "" 1295.98266 1.2440458e-03 1294.01673 1.0276495e-03 -1.1838060e-03 -2.0648175e-04
3299.547940027896 1.0017563e+00 1.4177462e-03 1.7010308e-03 1491906 1295.98755 1294.01678 9.0612471e+03 1.2512680e+01 2.3885857e+03 4.9025059e+00 9.8103525e+03 1.3884205e+01 0 "" "" "" "" 1295.98755 1.2490529e-03 1294.01678 1.0299009e-03 2.1138215e-03 -6.3768107e-06
3299.549328889724 1.0010260e+00 1.4177850e-03 1.7010043e-03 1491907 1295.98331 1294.02114 9.0359043e+03 1.2513021e+01 2.4158818e+03 4.9204173e+00 9.8032002e+03 1.3884583e+01 0 "" "" "" "" 1295.98331 1.2518482e-03 1294.02114 1.0325259e-03 -7.0644869e-04 4.0805088e-03
3299.550717751553 1.0017177e+00 1.4198637e-03 1.7009779e-03 1491908 1295.98700 1294.01503 9.0499443e+03 1.2531368e+01 2.4316411e+03 4.9352002e+00 9.8099736e+03 1.3904942e+01 0 "" "" "" "" 1295.98700 1.2524741e-03 1294.01503 1.0330076e-03 2.4965326e-03 -2.1573991e-04
